,Unnamed: 0,code_p,Inventory value,Inventory,Total orders,total 23,AV23,multiplier,Minimum stock,purchase_r,name_p_BRI,name_p_BRIS,name_p_COB TUBE,name_p_COSTA,name_p_Cob magnet,name_p_Deep SMD,name_p_JIMI,name_p_MINI B,name_p_MINI C,name_p_PATENT,name_p_SELINE,name_p_STEPS,name_p_TORRES,color_p_B,color_p_G,color_p_W,color_p_WG,color_p_b,color_p_g,color_p_w,Month,Value
0,0,15126,26600,1064,0,753,41,5,206,858,False,False,False,False,False,False,False,False,False,True,False,False,False,False,False,False,False,False,False,True,January,39
1,1,15126,26600,1064,0,753,41,5,206,858,False,False,False,False,False,False,False,False,False,True,False,False,False,False,False,False,False,False,False,True,February,134
2,2,15126,26600,1064,0,753,41,5,206,858,False,False,False,False,False,False,False,False,False,True,False,False,False,False,False,False,False,False,False,True,March,69
3,3,15126,26600,1064,0,753,41,5,206,858,False,False,False,False,False,False,False,False,False,True,False,False,False,False,False,False,False,False,False,True,April,9
4,4,15126,26600,1064,0,753,41,5,206,858,False,False,False,False,False,False,False,False,False,True,False,False,False,False,False,False,False,False,False,True,May,93
5,5,15126,26600,1064,0,753,41,5,206,858,False,False,False,False,False,False,False,False,False,True,False,False,False,False,False,False,False,False,False,True,June,108
6,6,15126,26600,1064,0,753,41,5,206,858,False,False,False,False,False,False,False,False,False,True,False,False,False,False,False,False,False,False,False,True,July,50
7,7,15126,26600,1064,0,753,41,5,206,858,False,False,False,False,False,False,False,False,False,True,False,False,False,False,False,False,False,False,False,True,August,11
8,8,15126,26600,1064,0,753,41,5,206,858,False,False,False,False,False,False,False,False,False,True,False,False,False,False,False,False,False,False,False,True,September,61
9,9,15126,26600,1064,0,753,41,5,206,858,False,False,False,False,False,False,False,False,False,True,False,False,False,False,False,False,False,False,False,True,October,35
10,10,15126,26600,1064,0,753,41,5,206,858,False,False,False,False,False,False,False,False,False,True,False,False,False,False,False,False,False,False,False,True,Novermber,49
11,11,15126,26600,1064,0,753,41,5,206,858,False,False,False,False,False,False,False,False,False,True,False,False,False,False,False,False,False,False,False,True,December,95
12,12,15127,3339,477,0,241,18,5,91,386,False,False,False,False,False,False,False,False,False,True,False,False,False,False,False,False,False,True,False,False,January,18
13,13,15127,3339,477,0,241,18,5,91,386,False,False,False,False,False,False,False,False,False,True,False,False,False,False,False,False,False,True,False,False,February,12
14,14,15127,3339,477,0,241,18,5,91,386,False,False,False,False,False,False,False,False,False,True,False,False,False,False,False,False,False,True,False,False,March,21
15,15,15127,3339,477,0,241,18,5,91,386,False,False,False,False,False,False,False,False,False,True,False,False,False,False,False,False,False,True,False,False,April,8
16,16,15127,3339,477,0,241,18,5,91,386,False,False,False,False,False,False,False,False,False,True,False,False,False,False,False,False,False,True,False,False,May,54
17,17,15127,3339,477,0,241,18,5,91,386,False,False,False,False,False,False,False,False,False,True,False,False,False,False,False,False,False,True,False,False,June,4
18,18,15127,3339,477,0,241,18,5,91,386,False,False,False,False,False,False,False,False,False,True,False,False,False,False,False,False,False,True,False,False,July,40
19,19,15127,3339,477,0,241,18,5,91,386,False,False,False,False,False,False,False,False,False,True,False,False,False,False,False,False,False,True,False,False,August,8
20,20,15127,3339,477,0,241,18,5,91,386,False,False,False,False,False,False,False,False,False,True,False,False,False,False,False,False,False,True,False,False,September,4
21,21,15127,3339,477,0,241,18,5,91,386,False,False,False,False,False,False,False,False,False,True,False,False,False,False,False,False,False,True,False,False,October,11
22,22,15127,3339,477,0,241,18,5,91,386,False,False,False,False,False,False,False,False,False,True,False,False,False,False,False,False,False,True,False,False,Novermber,28
23,23,15127,3339,477,0,241,18,5,91,386,False,False,False,False,False,False,False,False,False,True,False,False,False,False,False,False,False,True,False,False,December,33
24,24,15002,6680,167,0,422,21,5,107,60,True,False,False,False,False,False,False,False,False,False,False,False,False,False,False,False,False,False,False,True,January,66
25,25,15002,6680,167,0,422,21,5,107,60,True,False,False,False,False,False,False,False,False,False,False,False,False,False,False,False,False,False,False,True,February,43
26,26,15002,6680,167,0,422,21,5,107,60,True,False,False,False,False,False,False,False,False,False,False,False,False,False,False,False,False,False,False,True,March,64
27,27,15002,6680,167,0,422,21,5,107,60,True,False,False,False,False,False,False,False,False,False,False,False,False,False,False,False,False,False,False,True,April,21
28,28,15002,6680,167,0,422,21,5,107,60,True,False,False,False,False,False,False,False,False,False,False,False,False,False,False,False,False,False,False,True,May,26
29,29,15002,6680,167,0,422,21,5,107,60,True,False,False,False,False,False,False,False,False,False,False,False,False,False,False,False,False,False,False,True,June,64
30,30,15002,6680,167,0,422,21,5,107,60,True,False,False,False,False,False,False,False,False,False,False,False,False,False,False,False,False,False,False,True,July,39
31,31,15002,6680,167,0,422,21,5,107,60,True,False,False,False,False,False,False,False,False,False,False,False,False,False,False,False,False,False,False,True,August,10
32,32,15002,6680,167,0,422,21,5,107,60,True,False,False,False,False,False,False,False,False,False,False,False,False,False,False,False,False,False,False,True,September,11
33,33,15002,6680,167,0,422,21,5,107,60,True,False,False,False,False,False,False,False,False,False,False,False,False,False,False,False,False,False,False,True,October,11
34,34,15002,6680,167,0,422,21,5,107,60,True,False,False,False,False,False,False,False,False,False,False,False,False,False,False,False,False,False,False,True,Novermber,36
35,35,15002,6680,167,0,422,21,5,107,60,True,False,False,False,False,False,False,False,False,False,False,False,False,False,False,False,False,False,False,True,December,31
36,36,150022,3720,93,0,108,10,5,48,45,True,False,False,False,False,False,False,False,False,False,False,False,False,False,False,False,False,True,False,False,January,5
37,37,150022,3720,93,0,108,10,5,48,45,True,False,False,False,False,False,False,False,False,False,False,False,False,False,False,False,False,True,False,False,February,24
38,38,150022,3720,93,0,108,10,5,48,45,True,False,False,False,False,False,False,False,False,False,False,False,False,False,False,False,False,True,False,False,March,26
39,39,150022,3720,93,0,108,10,5,48,45,True,False,False,False,False,False,False,False,False,False,False,False,False,False,False,False,False,True,False,False,April,0
40,40,150022,3720,93,0,108,10,5,48,45,True,False,False,False,False,False,False,False,False,False,False,False,False,False,False,False,False,True,False,False,May,0
41,41,150022,3720,93,0,108,10,5,48,45,True,False,False,False,False,False,False,False,False,False,False,False,False,False,False,False,False,True,False,False,June,5
42,42,150022,3720,93,0,108,10,5,48,45,True,False,False,False,False,False,False,False,False,False,False,False,False,False,False,False,False,True,False,False,July,22
43,43,150022,3720,93,0,108,10,5,48,45,True,False,False,False,False,False,False,False,False,False,False,False,False,False,False,False,False,True,False,False,August,23
44,44,150022,3720,93,0,108,10,5,48,45,True,False,False,False,False,False,False,False,False,False,False,False,False,False,False,False,False,True,False,False,September,-11
45,45,150022,3720,93,0,108,10,5,48,45,True,False,False,False,False,False,False,False,False,False,False,False,False,False,False,False,False,True,False,False,October,4
46,46,150022,3720,93,0,108,10,5,48,45,True,False,False,False,False,False,False,False,False,False,False,False,False,False,False,False,False,True,False,False,Novermber,10
47,47,150022,3720,93,0,108,10,5,48,45,True,False,False,False,False,False,False,False,False,False,False,False,False,False,False,False,False,True,False,False,December,0
48,48,150011,5061,206,0,169,12,5,59,147,True,False,False,False,False,False,False,False,False,False,False,False,False,False,False,False,False,True,False,False,January,5
49,49,150011,5061,206,0,169,12,5,59,147,True,False,False,False,False,False,False,False,False,False,False,False,False,False,False,False,False,True,False,False,February,33
50,50,150011,5061,206,0,169,12,5,59,147,True,False,False,False,False,False,False,False,False,False,False,False,False,False,False,False,False,True,False,False,March,9
51,51,150011,5061,206,0,169,12,5,59,147,True,False,False,False,False,False,False,False,False,False,False,False,False,False,False,False,False,True,False,False,April,3
52,52,150011,5061,206,0,169,12,5,59,147,True,False,False,False,False,False,False,False,False,False,False,False,False,False,False,False,False,True,False,False,May,14
53,53,150011,5061,206,0,169,12,5,59,147,True,False,False,False,False,False,False,False,False,False,False,False,False,False,False,False,False,True,False,False,June,41
54,54,150011,5061,206,0,169,12,5,59,147,True,False,False,False,False,False,False,False,False,False,False,False,False,False,False,False,False,True,False,False,July,31
55,55,150011,5061,206,0,169,12,5,59,147,True,False,False,False,False,False,False,False,False,False,False,False,False,False,False,False,False,True,False,False,August,22
56,56,150011,5061,206,0,169,12,5,59,147,True,False,False,False,False,False,False,False,False,False,False,False,False,False,False,False,False,True,False,False,September,4
57,57,150011,5061,206,0,169,12,5,59,147,True,False,False,False,False,False,False,False,False,False,False,False,False,False,False,False,False,True,False,False,October,2
58,58,150011,5061,206,0,169,12,5,59,147,True,False,False,False,False,False,False,False,False,False,False,False,False,False,False,False,False,True,False,False,Novermber,0
59,59,150011,5061,206,0,169,12,5,59,147,True,False,False,False,False,False,False,False,False,False,False,False,False,False,False,False,False,True,False,False,December,5
60,60,15001,5363,218,100,359,16,5,79,239,True,False,False,False,False,False,False,False,False,False,False,False,False,False,False,False,False,False,False,True,January,28
61,61,15001,5363,218,100,359,16,5,79,239,True,False,False,False,False,False,False,False,False,False,False,False,False,False,False,False,False,False,False,True,February,115
62,62,15001,5363,218,100,359,16,5,79,239,True,False,False,False,False,False,False,False,False,False,False,False,False,False,False,False,False,False,False,True,March,28
63,63,15001,5363,218,100,359,16,5,79,239,True,False,False,False,False,False,False,False,False,False,False,False,False,False,False,False,False,False,False,True,April,24
64,64,15001,5363,218,100,359,16,5,79,239,True,False,False,False,False,False,False,False,False,False,False,False,False,False,False,False,False,False,False,True,May,9
65,65,15001,5363,218,100,359,16,5,79,239,True,False,False,False,False,False,False,False,False,False,False,False,False,False,False,False,False,False,False,True,June,70
66,66,15001,5363,218,100,359,16,5,79,239,True,False,False,False,False,False,False,False,False,False,False,False,False,False,False,False,False,False,False,True,July,36
67,67,15001,5363,218,100,359,16,5,79,239,True,False,False,False,False,False,False,False,False,False,False,False,False,False,False,False,False,False,False,True,August,10
68,68,15001,5363,218,100,359,16,5,79,239,True,False,False,False,False,False,False,False,False,False,False,False,False,False,False,False,False,False,False,True,September,7
69,69,15001,5363,218,100,359,16,5,79,239,True,False,False,False,False,False,False,False,False,False,False,False,False,False,False,False,False,False,False,True,October,13
70,70,15001,5363,218,100,359,16,5,79,239,True,False,False,False,False,False,False,False,False,False,False,False,False,False,False,False,False,False,False,True,Novermber,13
71,71,15001,5363,218,100,359,16,5,79,239,True,False,False,False,False,False,False,False,False,False,False,False,False,False,False,False,False,False,False,True,December,6
72,72,150033,22700,454,0,52,6,5,31,423,True,False,False,False,False,False,False,False,False,False,False,False,False,False,False,False,False,True,False,False,January,0
73,73,150033,22700,454,0,52,6,5,31,423,True,False,False,False,False,False,False,False,False,False,False,False,False,False,False,False,False,True,False,False,February,0
74,74,150033,22700,454,0,52,6,5,31,423,True,False,False,False,False,False,False,False,False,False,False,False,False,False,False,False,False,True,False,False,March,0
75,75,150033,22700,454,0,52,6,5,31,423,True,False,False,False,False,False,False,False,False,False,False,False,False,False,False,False,False,True,False,False,April,20
76,76,150033,22700,454,0,52,6,5,31,423,True,False,False,False,False,False,False,False,False,False,False,False,False,False,False,False,False,True,False,False,May,0
77,77,150033,22700,454,0,52,6,5,31,423,True,False,False,False,False,False,False,False,False,False,False,False,False,False,False,False,False,True,False,False,June,0
78,78,150033,22700,454,0,52,6,5,31,423,True,False,False,False,False,False,False,False,False,False,False,False,False,False,False,False,False,True,False,False,July,11
79,79,150033,22700,454,0,52,6,5,31,423,True,False,False,False,False,False,False,False,False,False,False,False,False,False,False,False,False,True,False,False,August,20
80,80,150033,22700,454,0,52,6,5,31,423,True,False,False,False,False,False,False,False,False,False,False,False,False,False,False,False,False,True,False,False,September,0
81,81,150033,22700,454,0,52,6,5,31,423,True,False,False,False,False,False,False,False,False,False,False,False,False,False,False,False,False,True,False,False,October,0
82,82,150033,22700,454,0,52,6,5,31,423,True,False,False,False,False,False,False,False,False,False,False,False,False,False,False,False,False,True,False,False,Novermber,0
83,83,150033,22700,454,0,52,6,5,31,423,True,False,False,False,False,False,False,False,False,False,False,False,False,False,False,False,False,True,False,False,December,1
84,84,15003,23892,362,0,116,2,5,12,350,True,False,False,False,False,False,False,False,False,False,False,False,False,False,False,False,False,False,False,True,January,29
85,85,15003,23892,362,0,116,2,5,12,350,True,False,False,False,False,False,False,False,False,False,False,False,False,False,False,False,False,False,False,True,February,10
86,86,15003,23892,362,0,116,2,5,12,350,True,False,False,False,False,False,False,False,False,False,False,False,False,False,False,False,False,False,False,True,March,25
87,87,15003,23892,362,0,116,2,5,12,350,True,False,False,False,False,False,False,False,False,False,False,False,False,False,False,False,False,False,False,True,April,33
88,88,15003,23892,362,0,116,2,5,12,350,True,False,False,False,False,False,False,False,False,False,False,False,False,False,False,False,False,False,False,True,May,1
89,89,15003,23892,362,0,116,2,5,12,350,True,False,False,False,False,False,False,False,False,False,False,False,False,False,False,False,False,False,False,True,June,6
90,90,15003,23892,362,0,116,2,5,12,350,True,False,False,False,False,False,False,False,False,False,False,False,False,False,False,False,False,False,False,True,July,11
91,91,15003,23892,362,0,116,2,5,12,350,True,False,False,False,False,False,False,False,False,False,False,False,False,False,False,False,False,False,False,True,August,0
92,92,15003,23892,362,0,116,2,5,12,350,True,False,False,False,False,False,False,False,False,False,False,False,False,False,False,False,False,False,False,True,September,0
93,93,15003,23892,362,0,116,2,5,12,350,True,False,False,False,False,False,False,False,False,False,False,False,False,False,False,False,False,False,False,True,October,0
94,94,15003,23892,362,0,116,2,5,12,350,True,False,False,False,False,False,False,False,False,False,False,False,False,False,False,False,False,False,False,True,Novermber,1
95,95,15003,23892,362,0,116,2,5,12,350,True,False,False,False,False,False,False,False,False,False,False,False,False,False,False,False,False,False,False,True,December,0
96,96,15004,8500,425,500,1322,125,6,751,174,False,True,False,False,False,False,False,False,False,False,False,False,False,False,False,False,False,False,False,True,January,55
97,97,15004,8500,425,500,1322,125,6,751,174,False,True,False,False,False,False,False,False,False,False,False,False,False,False,False,False,False,False,False,True,February,82
98,98,15004,8500,425,500,1322,125,6,751,174,False,True,False,False,False,False,False,False,False,False,False,False,False,False,False,False,False,False,False,True,March,171
99,99,15004,8500,425,500,1322,125,6,751,174,False,True,False,False,False,False,False,False,False,False,False,False,False,False,False,False,False,False,False,True,April,160
100,100,15004,8500,425,500,1322,125,6,751,174,False,True,False,False,False,False,False,False,False,False,False,False,False,False,False,False,False,False,False,True,May,47
101,101,15004,8500,425,500,1322,125,6,751,174,False,True,False,False,False,False,False,False,False,False,False,False,False,False,False,False,False,False,False,True,June,143
102,102,15004,8500,425,500,1322,125,6,751,174,False,True,False,False,False,False,False,False,False,False,False,False,False,False,False,False,False,False,False,True,July,212
103,103,15004,8500,425,500,1322,125,6,751,174,False,True,False,False,False,False,False,False,False,False,False,False,False,False,False,False,False,False,False,True,August,82
104,104,15004,8500,425,500,1322,125,6,751,174,False,True,False,False,False,False,False,False,False,False,False,False,False,False,False,False,False,False,False,True,September,153
105,105,15004,8500,425,500,1322,125,6,751,174,False,True,False,False,False,False,False,False,False,False,False,False,False,False,False,False,False,False,False,True,October,93
106,106,15004,8500,425,500,1322,125,6,751,174,False,True,False,False,False,False,False,False,False,False,False,False,False,False,False,False,False,False,False,True,Novermber,86
107,107,15004,8500,425,500,1322,125,6,751,174,False,True,False,False,False,False,False,False,False,False,False,False,False,False,False,False,False,False,False,True,December,38
108,108,15006,2068,44,100,138,12,5,59,85,False,True,False,False,False,False,False,False,False,False,False,False,False,False,False,False,False,False,False,True,January,7
109,109,15006,2068,44,100,138,12,5,59,85,False,True,False,False,False,False,False,False,False,False,False,False,False,False,False,False,False,False,False,True,February,8
110,110,15006,2068,44,100,138,12,5,59,85,False,True,False,False,False,False,False,False,False,False,False,False,False,False,False,False,False,False,False,True,March,3
111,111,15006,2068,44,100,138,12,5,59,85,False,True,False,False,False,False,False,False,False,False,False,False,False,False,False,False,False,False,False,True,April,29
112,112,15006,2068,44,100,138,12,5,59,85,False,True,False,False,False,False,False,False,False,False,False,False,False,False,False,False,False,False,False,True,May,27
113,113,15006,2068,44,100,138,12,5,59,85,False,True,False,False,False,False,False,False,False,False,False,False,False,False,False,False,False,False,False,True,June,1
114,114,15006,2068,44,100,138,12,5,59,85,False,True,False,False,False,False,False,False,False,False,False,False,False,False,False,False,False,False,False,True,July,1
115,115,15006,2068,44,100,138,12,5,59,85,False,True,False,False,False,False,False,False,False,False,False,False,False,False,False,False,False,False,False,True,August,3
116,116,15006,2068,44,100,138,12,5,59,85,False,True,False,False,False,False,False,False,False,False,False,False,False,False,False,False,False,False,False,True,September,33
117,117,15006,2068,44,100,138,12,5,59,85,False,True,False,False,False,False,False,False,False,False,False,False,False,False,False,False,False,False,False,True,October,6
118,118,15006,2068,44,100,138,12,5,59,85,False,True,False,False,False,False,False,False,False,False,False,False,False,False,False,False,False,False,False,True,Novermber,16
119,119,15006,2068,44,100,138,12,5,59,85,False,True,False,False,False,False,False,False,False,False,False,False,False,False,False,False,False,False,False,True,December,4
120,120,150044,2520,126,200,257,24,5,121,205,False,True,False,False,False,False,False,False,False,False,False,False,False,False,False,False,False,True,False,False,January,88
121,121,150044,2520,126,200,257,24,5,121,205,False,True,False,False,False,False,False,False,False,False,False,False,False,False,False,False,False,True,False,False,February,0
122,122,150044,2520,126,200,257,24,5,121,205,False,True,False,False,False,False,False,False,False,False,False,False,False,False,False,False,False,True,False,False,March,26
123,123,150044,2520,126,200,257,24,5,121,205,False,True,False,False,False,False,False,False,False,False,False,False,False,False,False,False,False,True,False,False,April,0
124,124,150044,2520,126,200,257,24,5,121,205,False,True,False,False,False,False,False,False,False,False,False,False,False,False,False,False,False,True,False,False,May,1
125,125,150044,2520,126,200,257,24,5,121,205,False,True,False,False,False,False,False,False,False,False,False,False,False,False,False,False,False,True,False,False,June,21
126,126,150044,2520,126,200,257,24,5,121,205,False,True,False,False,False,False,False,False,False,False,False,False,False,False,False,False,False,True,False,False,July,48
127,127,150044,2520,126,200,257,24,5,121,205,False,True,False,False,False,False,False,False,False,False,False,False,False,False,False,False,False,True,False,False,August,17
128,128,150044,2520,126,200,257,24,5,121,205,False,True,False,False,False,False,False,False,False,False,False,False,False,False,False,False,False,True,False,False,September,41
129,129,150044,2520,126,200,257,24,5,121,205,False,True,False,False,False,False,False,False,False,False,False,False,False,False,False,False,False,True,False,False,October,5
130,130,150044,2520,126,200,257,24,5,121,205,False,True,False,False,False,False,False,False,False,False,False,False,False,False,False,False,False,True,False,False,Novermber,10
131,131,150044,2520,126,200,257,24,5,121,205,False,True,False,False,False,False,False,False,False,False,False,False,False,False,False,False,False,True,False,False,December,0
132,132,15005,0,0,600,351,39,5,197,342,False,True,False,False,False,False,False,False,False,False,False,False,False,False,False,False,False,False,False,True,January,4
133,133,15005,0,0,600,351,39,5,197,342,False,True,False,False,False,False,False,False,False,False,False,False,False,False,False,False,False,False,False,True,February,56
134,134,15005,0,0,600,351,39,5,197,342,False,True,False,False,False,False,False,False,False,False,False,False,False,False,False,False,False,False,False,True,March,38
135,135,15005,0,0,600,351,39,5,197,342,False,True,False,False,False,False,False,False,False,False,False,False,False,False,False,False,False,False,False,True,April,1
136,136,15005,0,0,600,351,39,5,197,342,False,True,False,False,False,False,False,False,False,False,False,False,False,False,False,False,False,False,False,True,May,11
137,137,15005,0,0,600,351,39,5,197,342,False,True,False,False,False,False,False,False,False,False,False,False,False,False,False,False,False,False,False,True,June,44
138,138,15005,0,0,600,351,39,5,197,342,False,True,False,False,False,False,False,False,False,False,False,False,False,False,False,False,False,False,False,True,July,29
139,139,15005,0,0,600,351,39,5,197,342,False,True,False,False,False,False,False,False,False,False,False,False,False,False,False,False,False,False,False,True,August,31
140,140,15005,0,0,600,351,39,5,197,342,False,True,False,False,False,False,False,False,False,False,False,False,False,False,False,False,False,False,False,True,September,26
141,141,15005,0,0,600,351,39,5,197,342,False,True,False,False,False,False,False,False,False,False,False,False,False,False,False,False,False,False,False,True,October,74
142,142,15005,0,0,600,351,39,5,197,342,False,True,False,False,False,False,False,False,False,False,False,False,False,False,False,False,False,False,False,True,Novermber,37
143,143,15005,0,0,600,351,39,5,197,342,False,True,False,False,False,False,False,False,False,False,False,False,False,False,False,False,False,False,False,True,December,0
144,144,150055,4550,130,0,74,6,5,32,98,False,True,False,False,False,False,False,False,False,False,False,False,False,False,False,False,False,True,False,False,January,10
145,145,150055,4550,130,0,74,6,5,32,98,False,True,False,False,False,False,False,False,False,False,False,False,False,False,False,False,False,True,False,False,February,1
146,146,150055,4550,130,0,74,6,5,32,98,False,True,False,False,False,False,False,False,False,False,False,False,False,False,False,False,False,True,False,False,March,7
147,147,150055,4550,130,0,74,6,5,32,98,False,True,False,False,False,False,False,False,False,False,False,False,False,False,False,False,False,True,False,False,April,22
148,148,150055,4550,130,0,74,6,5,32,98,False,True,False,False,False,False,False,False,False,False,False,False,False,False,False,False,False,True,False,False,May,1
149,149,150055,4550,130,0,74,6,5,32,98,False,True,False,False,False,False,False,False,False,False,False,False,False,False,False,False,False,True,False,False,June,1
150,150,150055,4550,130,0,74,6,5,32,98,False,True,False,False,False,False,False,False,False,False,False,False,False,False,False,False,False,True,False,False,July,22
151,151,150055,4550,130,0,74,6,5,32,98,False,True,False,False,False,False,False,False,False,False,False,False,False,False,False,False,False,True,False,False,August,5
152,152,150055,4550,130,0,74,6,5,32,98,False,True,False,False,False,False,False,False,False,False,False,False,False,False,False,False,False,True,False,False,September,2
153,153,150055,4550,130,0,74,6,5,32,98,False,True,False,False,False,False,False,False,False,False,False,False,False,False,False,False,False,True,False,False,October,2
154,154,150055,4550,130,0,74,6,5,32,98,False,True,False,False,False,False,False,False,False,False,False,False,False,False,False,False,False,True,False,False,Novermber,1
155,155,150055,4550,130,0,74,6,5,32,98,False,True,False,False,False,False,False,False,False,False,False,False,False,False,False,False,False,True,False,False,December,0
156,156,150066,4653,99,0,65,3,5,13,86,False,True,False,False,False,False,False,False,False,False,False,False,False,False,False,False,False,True,False,False,January,35
157,157,150066,4653,99,0,65,3,5,13,86,False,True,False,False,False,False,False,False,False,False,False,False,False,False,False,False,False,True,False,False,February,16
158,158,150066,4653,99,0,65,3,5,13,86,False,True,False,False,False,False,False,False,False,False,False,False,False,False,False,False,False,True,False,False,March,0
159,159,150066,4653,99,0,65,3,5,13,86,False,True,False,False,False,False,False,False,False,False,False,False,False,False,False,False,False,True,False,False,April,0
160,160,150066,4653,99,0,65,3,5,13,86,False,True,False,False,False,False,False,False,False,False,False,False,False,False,False,False,False,True,False,False,May,1
161,161,150066,4653,99,0,65,3,5,13,86,False,True,False,False,False,False,False,False,False,False,False,False,False,False,False,False,False,True,False,False,June,0
162,162,150066,4653,99,0,65,3,5,13,86,False,True,False,False,False,False,False,False,False,False,False,False,False,False,False,False,False,True,False,False,July,0
163,163,150066,4653,99,0,65,3,5,13,86,False,True,False,False,False,False,False,False,False,False,False,False,False,False,False,False,False,True,False,False,August,0
164,164,150066,4653,99,0,65,3,5,13,86,False,True,False,False,False,False,False,False,False,False,False,False,False,False,False,False,False,True,False,False,September,1
165,165,150066,4653,99,0,65,3,5,13,86,False,True,False,False,False,False,False,False,False,False,False,False,False,False,False,False,False,True,False,False,October,4
166,166,150066,4653,99,0,65,3,5,13,86,False,True,False,False,False,False,False,False,False,False,False,False,False,False,False,False,False,True,False,False,Novermber,8
167,167,150066,4653,99,0,65,3,5,13,86,False,True,False,False,False,False,False,False,False,False,False,False,False,False,False,False,False,True,False,False,December,0
168,168,15306,301,94,0,42,0,5,-1,95,False,False,False,False,True,False,False,False,False,False,False,False,False,False,False,False,False,False,False,True,January,8
169,169,15306,301,94,0,42,0,5,-1,95,False,False,False,False,True,False,False,False,False,False,False,False,False,False,False,False,False,False,False,True,February,22
170,170,15306,301,94,0,42,0,5,-1,95,False,False,False,False,True,False,False,False,False,False,False,False,False,False,False,False,False,False,False,True,March,-1
171,171,15306,301,94,0,42,0,5,-1,95,False,False,False,False,True,False,False,False,False,False,False,False,False,False,False,False,False,False,False,True,April,2
172,172,15306,301,94,0,42,0,5,-1,95,False,False,False,False,True,False,False,False,False,False,False,False,False,False,False,False,False,False,False,True,May,4
173,173,15306,301,94,0,42,0,5,-1,95,False,False,False,False,True,False,False,False,False,False,False,False,False,False,False,False,False,False,False,True,June,8
174,174,15306,301,94,0,42,0,5,-1,95,False,False,False,False,True,False,False,False,False,False,False,False,False,False,False,False,False,False,False,True,July,1
175,175,15306,301,94,0,42,0,5,-1,95,False,False,False,False,True,False,False,False,False,False,False,False,False,False,False,False,False,False,False,True,August,0
176,176,15306,301,94,0,42,0,5,-1,95,False,False,False,False,True,False,False,False,False,False,False,False,False,False,False,False,False,False,False,True,September,0
177,177,15306,301,94,0,42,0,5,-1,95,False,False,False,False,True,False,False,False,False,False,False,False,False,False,False,False,False,False,False,True,October,-2
178,178,15306,301,94,0,42,0,5,-1,95,False,False,False,False,True,False,False,False,False,False,False,False,False,False,False,False,False,False,False,True,Novermber,0
179,179,15306,301,94,0,42,0,5,-1,95,False,False,False,False,True,False,False,False,False,False,False,False,False,False,False,False,False,False,False,True,December,0
180,180,15303,2988,498,300,922,68,6,410,388,False,False,False,False,True,False,False,False,False,False,False,False,False,False,False,True,False,False,False,False,January,71
181,181,15303,2988,498,300,922,68,6,410,388,False,False,False,False,True,False,False,False,False,False,False,False,False,False,False,True,False,False,False,False,February,123
182,182,15303,2988,498,300,922,68,6,410,388,False,False,False,False,True,False,False,False,False,False,False,False,False,False,False,True,False,False,False,False,March,54
183,183,15303,2988,498,300,922,68,6,410,388,False,False,False,False,True,False,False,False,False,False,False,False,False,False,False,True,False,False,False,False,April,87
184,184,15303,2988,498,300,922,68,6,410,388,False,False,False,False,True,False,False,False,False,False,False,False,False,False,False,True,False,False,False,False,May,88
185,185,15303,2988,498,300,922,68,6,410,388,False,False,False,False,True,False,False,False,False,False,False,False,False,False,False,True,False,False,False,False,June,139
186,186,15303,2988,498,300,922,68,6,410,388,False,False,False,False,True,False,False,False,False,False,False,False,False,False,False,True,False,False,False,False,July,90
187,187,15303,2988,498,300,922,68,6,410,388,False,False,False,False,True,False,False,False,False,False,False,False,False,False,False,True,False,False,False,False,August,67
188,188,15303,2988,498,300,922,68,6,410,388,False,False,False,False,True,False,False,False,False,False,False,False,False,False,False,True,False,False,False,False,September,113
189,189,15303,2988,498,300,922,68,6,410,388,False,False,False,False,True,False,False,False,False,False,False,False,False,False,False,True,False,False,False,False,October,25
190,190,15303,2988,498,300,922,68,6,410,388,False,False,False,False,True,False,False,False,False,False,False,False,False,False,False,True,False,False,False,False,Novermber,47
191,191,15303,2988,498,300,922,68,6,410,388,False,False,False,False,True,False,False,False,False,False,False,False,False,False,False,True,False,False,False,False,December,18
192,192,15304,2082,347,0,375,27,5,137,210,False,False,False,False,True,False,False,False,False,False,False,False,False,False,False,False,False,True,False,False,January,23
193,193,15304,2082,347,0,375,27,5,137,210,False,False,False,False,True,False,False,False,False,False,False,False,False,False,False,False,False,True,False,False,February,40
194,194,15304,2082,347,0,375,27,5,137,210,False,False,False,False,True,False,False,False,False,False,False,False,False,False,False,False,False,True,False,False,March,26
195,195,15304,2082,347,0,375,27,5,137,210,False,False,False,False,True,False,False,False,False,False,False,False,False,False,False,False,False,True,False,False,April,7
196,196,15304,2082,347,0,375,27,5,137,210,False,False,False,False,True,False,False,False,False,False,False,False,False,False,False,False,False,True,False,False,May,61
197,197,15304,2082,347,0,375,27,5,137,210,False,False,False,False,True,False,False,False,False,False,False,False,False,False,False,False,False,True,False,False,June,43
198,198,15304,2082,347,0,375,27,5,137,210,False,False,False,False,True,False,False,False,False,False,False,False,False,False,False,False,False,True,False,False,July,23
199,199,15304,2082,347,0,375,27,5,137,210,False,False,False,False,True,False,False,False,False,False,False,False,False,False,False,False,False,True,False,False,August,9
200,200,15304,2082,347,0,375,27,5,137,210,False,False,False,False,True,False,False,False,False,False,False,False,False,False,False,False,False,True,False,False,September,39
201,201,15304,2082,347,0,375,27,5,137,210,False,False,False,False,True,False,False,False,False,False,False,False,False,False,False,False,False,True,False,False,October,22
202,202,15304,2082,347,0,375,27,5,137,210,False,False,False,False,True,False,False,False,False,False,False,False,False,False,False,False,False,True,False,False,Novermber,44
203,203,15304,2082,347,0,375,27,5,137,210,False,False,False,False,True,False,False,False,False,False,False,False,False,False,False,False,False,True,False,False,December,38
204,204,15307,304,95,0,72,6,5,29,66,False,False,False,False,True,False,False,False,False,False,False,False,False,False,False,False,False,True,False,False,January,26
205,205,15307,304,95,0,72,6,5,29,66,False,False,False,False,True,False,False,False,False,False,False,False,False,False,False,False,False,True,False,False,February,5
206,206,15307,304,95,0,72,6,5,29,66,False,False,False,False,True,False,False,False,False,False,False,False,False,False,False,False,False,True,False,False,March,6
207,207,15307,304,95,0,72,6,5,29,66,False,False,False,False,True,False,False,False,False,False,False,False,False,False,False,False,False,True,False,False,April,0
208,208,15307,304,95,0,72,6,5,29,66,False,False,False,False,True,False,False,False,False,False,False,False,False,False,False,False,False,True,False,False,May,0
209,209,15307,304,95,0,72,6,5,29,66,False,False,False,False,True,False,False,False,False,False,False,False,False,False,False,False,False,True,False,False,June,3
210,210,15307,304,95,0,72,6,5,29,66,False,False,False,False,True,False,False,False,False,False,False,False,False,False,False,False,False,True,False,False,July,13
211,211,15307,304,95,0,72,6,5,29,66,False,False,False,False,True,False,False,False,False,False,False,False,False,False,False,False,False,True,False,False,August,0
212,212,15307,304,95,0,72,6,5,29,66,False,False,False,False,True,False,False,False,False,False,False,False,False,False,False,False,False,True,False,False,September,0
213,213,15307,304,95,0,72,6,5,29,66,False,False,False,False,True,False,False,False,False,False,False,False,False,False,False,False,False,True,False,False,October,0
214,214,15307,304,95,0,72,6,5,29,66,False,False,False,False,True,False,False,False,False,False,False,False,False,False,False,False,False,True,False,False,Novermber,16
215,215,15307,304,95,0,72,6,5,29,66,False,False,False,False,True,False,False,False,False,False,False,False,False,False,False,False,False,True,False,False,December,3
216,216,15305,1763,248,700,375,24,5,118,830,False,False,False,False,True,False,False,False,False,False,False,False,False,False,True,False,False,False,False,False,January,36
217,217,15305,1763,248,700,375,24,5,118,830,False,False,False,False,True,False,False,False,False,False,False,False,False,False,True,False,False,False,False,False,February,72
218,218,15305,1763,248,700,375,24,5,118,830,False,False,False,False,True,False,False,False,False,False,False,False,False,False,True,False,False,False,False,False,March,12
219,219,15305,1763,248,700,375,24,5,118,830,False,False,False,False,True,False,False,False,False,False,False,False,False,False,True,False,False,False,False,False,April,24
220,220,15305,1763,248,700,375,24,5,118,830,False,False,False,False,True,False,False,False,False,False,False,False,False,False,True,False,False,False,False,False,May,48
221,221,15305,1763,248,700,375,24,5,118,830,False,False,False,False,True,False,False,False,False,False,False,False,False,False,True,False,False,False,False,False,June,30
222,222,15305,1763,248,700,375,24,5,118,830,False,False,False,False,True,False,False,False,False,False,False,False,False,False,True,False,False,False,False,False,July,38
223,223,15305,1763,248,700,375,24,5,118,830,False,False,False,False,True,False,False,False,False,False,False,False,False,False,True,False,False,False,False,False,August,7
224,224,15305,1763,248,700,375,24,5,118,830,False,False,False,False,True,False,False,False,False,False,False,False,False,False,True,False,False,False,False,False,September,59
225,225,15305,1763,248,700,375,24,5,118,830,False,False,False,False,True,False,False,False,False,False,False,False,False,False,True,False,False,False,False,False,October,2
226,226,15305,1763,248,700,375,24,5,118,830,False,False,False,False,True,False,False,False,False,False,False,False,False,False,True,False,False,False,False,False,Novermber,12
227,227,15305,1763,248,700,375,24,5,118,830,False,False,False,False,True,False,False,False,False,False,False,False,False,False,True,False,False,False,False,False,December,35
228,228,15308,628,146,0,23,1,5,3,143,False,False,False,False,True,False,False,False,False,False,False,False,False,False,False,False,False,False,True,False,January,1
229,229,15308,628,146,0,23,1,5,3,143,False,False,False,False,True,False,False,False,False,False,False,False,False,False,False,False,False,False,True,False,February,0
230,230,15308,628,146,0,23,1,5,3,143,False,False,False,False,True,False,False,False,False,False,False,False,False,False,False,False,False,False,True,False,March,1
231,231,15308,628,146,0,23,1,5,3,143,False,False,False,False,True,False,False,False,False,False,False,False,False,False,False,False,False,False,True,False,April,9
232,232,15308,628,146,0,23,1,5,3,143,False,False,False,False,True,False,False,False,False,False,False,False,False,False,False,False,False,False,True,False,May,4
233,233,15308,628,146,0,23,1,5,3,143,False,False,False,False,True,False,False,False,False,False,False,False,False,False,False,False,False,False,True,False,June,5
234,234,15308,628,146,0,23,1,5,3,143,False,False,False,False,True,False,False,False,False,False,False,False,False,False,False,False,False,False,True,False,July,1
235,235,15308,628,146,0,23,1,5,3,143,False,False,False,False,True,False,False,False,False,False,False,False,False,False,False,False,False,False,True,False,August,2
236,236,15308,628,146,0,23,1,5,3,143,False,False,False,False,True,False,False,False,False,False,False,False,False,False,False,False,False,False,True,False,September,0
237,237,15308,628,146,0,23,1,5,3,143,False,False,False,False,True,False,False,False,False,False,False,False,False,False,False,False,False,False,True,False,October,0
238,238,15308,628,146,0,23,1,5,3,143,False,False,False,False,True,False,False,False,False,False,False,False,False,False,False,False,False,False,True,False,Novermber,0
239,239,15308,628,146,0,23,1,5,3,143,False,False,False,False,True,False,False,False,False,False,False,False,False,False,False,False,False,False,True,False,December,0
240,240,15302,12084,228,0,559,38,5,191,37,False,False,True,False,False,False,False,False,False,False,False,False,False,False,False,False,False,True,False,False,January,50
241,241,15302,12084,228,0,559,38,5,191,37,False,False,True,False,False,False,False,False,False,False,False,False,False,False,False,False,False,True,False,False,February,74
242,242,15302,12084,228,0,559,38,5,191,37,False,False,True,False,False,False,False,False,False,False,False,False,False,False,False,False,False,True,False,False,March,45
243,243,15302,12084,228,0,559,38,5,191,37,False,False,True,False,False,False,False,False,False,False,False,False,False,False,False,False,False,True,False,False,April,42
244,244,15302,12084,228,0,559,38,5,191,37,False,False,True,False,False,False,False,False,False,False,False,False,False,False,False,False,False,True,False,False,May,41
245,245,15302,12084,228,0,559,38,5,191,37,False,False,True,False,False,False,False,False,False,False,False,False,False,False,False,False,False,True,False,False,June,73
246,246,15302,12084,228,0,559,38,5,191,37,False,False,True,False,False,False,False,False,False,False,False,False,False,False,False,False,False,True,False,False,July,30
247,247,15302,12084,228,0,559,38,5,191,37,False,False,True,False,False,False,False,False,False,False,False,False,False,False,False,False,False,True,False,False,August,14
248,248,15302,12084,228,0,559,38,5,191,37,False,False,True,False,False,False,False,False,False,False,False,False,False,False,False,False,False,True,False,False,September,53
249,249,15302,12084,228,0,559,38,5,191,37,False,False,True,False,False,False,False,False,False,False,False,False,False,False,False,False,False,True,False,False,October,24
250,250,15302,12084,228,0,559,38,5,191,37,False,False,True,False,False,False,False,False,False,False,False,False,False,False,False,False,False,True,False,False,Novermber,70
251,251,15302,12084,228,0,559,38,5,191,37,False,False,True,False,False,False,False,False,False,False,False,False,False,False,False,False,False,True,False,False,December,43
252,252,15301,27401,517,1680,1229,90,6,539,1658,False,False,True,False,False,False,False,False,False,False,False,False,False,False,False,True,False,False,False,False,January,120
253,253,15301,27401,517,1680,1229,90,6,539,1658,False,False,True,False,False,False,False,False,False,False,False,False,False,False,False,True,False,False,False,False,February,205
254,254,15301,27401,517,1680,1229,90,6,539,1658,False,False,True,False,False,False,False,False,False,False,False,False,False,False,False,True,False,False,False,False,March,43
255,255,15301,27401,517,1680,1229,90,6,539,1658,False,False,True,False,False,False,False,False,False,False,False,False,False,False,False,True,False,False,False,False,April,46
256,256,15301,27401,517,1680,1229,90,6,539,1658,False,False,True,False,False,False,False,False,False,False,False,False,False,False,False,True,False,False,False,False,May,157
257,257,15301,27401,517,1680,1229,90,6,539,1658,False,False,True,False,False,False,False,False,False,False,False,False,False,False,False,True,False,False,False,False,June,157
258,258,15301,27401,517,1680,1229,90,6,539,1658,False,False,True,False,False,False,False,False,False,False,False,False,False,False,False,True,False,False,False,False,July,137
259,259,15301,27401,517,1680,1229,90,6,539,1658,False,False,True,False,False,False,False,False,False,False,False,False,False,False,False,True,False,False,False,False,August,76
260,260,15301,27401,517,1680,1229,90,6,539,1658,False,False,True,False,False,False,False,False,False,False,False,False,False,False,False,True,False,False,False,False,September,156
261,261,15301,27401,517,1680,1229,90,6,539,1658,False,False,True,False,False,False,False,False,False,False,False,False,False,False,False,True,False,False,False,False,October,30
262,262,15301,27401,517,1680,1229,90,6,539,1658,False,False,True,False,False,False,False,False,False,False,False,False,False,False,False,True,False,False,False,False,Novermber,50
263,263,15301,27401,517,1680,1229,90,6,539,1658,False,False,True,False,False,False,False,False,False,False,False,False,False,False,False,True,False,False,False,False,December,52
264,264,15450,9462,83,0,8,1,5,4,79,False,False,False,True,False,False,False,False,False,False,False,False,False,False,False,True,False,False,False,False,January,0
265,265,15450,9462,83,0,8,1,5,4,79,False,False,False,True,False,False,False,False,False,False,False,False,False,False,False,True,False,False,False,False,February,0
266,266,15450,9462,83,0,8,1,5,4,79,False,False,False,True,False,False,False,False,False,False,False,False,False,False,False,True,False,False,False,False,March,0
267,267,15450,9462,83,0,8,1,5,4,79,False,False,False,True,False,False,False,False,False,False,False,False,False,False,False,True,False,False,False,False,April,0
268,268,15450,9462,83,0,8,1,5,4,79,False,False,False,True,False,False,False,False,False,False,False,False,False,False,False,True,False,False,False,False,May,0
269,269,15450,9462,83,0,8,1,5,4,79,False,False,False,True,False,False,False,False,False,False,False,False,False,False,False,True,False,False,False,False,June,0
270,270,15450,9462,83,0,8,1,5,4,79,False,False,False,True,False,False,False,False,False,False,False,False,False,False,False,True,False,False,False,False,July,0
271,271,15450,9462,83,0,8,1,5,4,79,False,False,False,True,False,False,False,False,False,False,False,False,False,False,False,True,False,False,False,False,August,0
272,272,15450,9462,83,0,8,1,5,4,79,False,False,False,True,False,False,False,False,False,False,False,False,False,False,False,True,False,False,False,False,September,0
273,273,15450,9462,83,0,8,1,5,4,79,False,False,False,True,False,False,False,False,False,False,False,False,False,False,False,True,False,False,False,False,October,0
274,274,15450,9462,83,0,8,1,5,4,79,False,False,False,True,False,False,False,False,False,False,False,False,False,False,False,True,False,False,False,False,Novermber,4
275,275,15450,9462,83,0,8,1,5,4,79,False,False,False,True,False,False,False,False,False,False,False,False,False,False,False,True,False,False,False,False,December,4
276,276,15452,10353,87,0,7,1,5,3,84,False,False,False,True,False,False,False,False,False,False,False,False,False,False,False,False,True,False,False,False,January,0
277,277,15452,10353,87,0,7,1,5,3,84,False,False,False,True,False,False,False,False,False,False,False,False,False,False,False,False,True,False,False,False,February,0
278,278,15452,10353,87,0,7,1,5,3,84,False,False,False,True,False,False,False,False,False,False,False,False,False,False,False,False,True,False,False,False,March,0
279,279,15452,10353,87,0,7,1,5,3,84,False,False,False,True,False,False,False,False,False,False,False,False,False,False,False,False,True,False,False,False,April,0
280,280,15452,10353,87,0,7,1,5,3,84,False,False,False,True,False,False,False,False,False,False,False,False,False,False,False,False,True,False,False,False,May,0
281,281,15452,10353,87,0,7,1,5,3,84,False,False,False,True,False,False,False,False,False,False,False,False,False,False,False,False,True,False,False,False,June,0
282,282,15452,10353,87,0,7,1,5,3,84,False,False,False,True,False,False,False,False,False,False,False,False,False,False,False,False,True,False,False,False,July,0
283,283,15452,10353,87,0,7,1,5,3,84,False,False,False,True,False,False,False,False,False,False,False,False,False,False,False,False,True,False,False,False,August,0
284,284,15452,10353,87,0,7,1,5,3,84,False,False,False,True,False,False,False,False,False,False,False,False,False,False,False,False,True,False,False,False,September,0
285,285,15452,10353,87,0,7,1,5,3,84,False,False,False,True,False,False,False,False,False,False,False,False,False,False,False,False,True,False,False,False,October,0
286,286,15452,10353,87,0,7,1,5,3,84,False,False,False,True,False,False,False,False,False,False,False,False,False,False,False,False,True,False,False,False,Novermber,3
287,287,15452,10353,87,0,7,1,5,3,84,False,False,False,True,False,False,False,False,False,False,False,False,False,False,False,False,True,False,False,False,December,4
288,288,15453,14424,77,10,10,0,5,2,85,False,False,False,True,False,False,False,False,False,False,False,False,False,False,False,True,False,False,False,False,January,0
289,289,15453,14424,77,10,10,0,5,2,85,False,False,False,True,False,False,False,False,False,False,False,False,False,False,False,True,False,False,False,False,February,0
290,290,15453,14424,77,10,10,0,5,2,85,False,False,False,True,False,False,False,False,False,False,False,False,False,False,False,True,False,False,False,False,March,0
291,291,15453,14424,77,10,10,0,5,2,85,False,False,False,True,False,False,False,False,False,False,False,False,False,False,False,True,False,False,False,False,April,0
292,292,15453,14424,77,10,10,0,5,2,85,False,False,False,True,False,False,False,False,False,False,False,False,False,False,False,True,False,False,False,False,May,0
293,293,15453,14424,77,10,10,0,5,2,85,False,False,False,True,False,False,False,False,False,False,False,False,False,False,False,True,False,False,False,False,June,0
294,294,15453,14424,77,10,10,0,5,2,85,False,False,False,True,False,False,False,False,False,False,False,False,False,False,False,True,False,False,False,False,July,0
295,295,15453,14424,77,10,10,0,5,2,85,False,False,False,True,False,False,False,False,False,False,False,False,False,False,False,True,False,False,False,False,August,0
296,296,15453,14424,77,10,10,0,5,2,85,False,False,False,True,False,False,False,False,False,False,False,False,False,False,False,True,False,False,False,False,September,0
297,297,15453,14424,77,10,10,0,5,2,85,False,False,False,True,False,False,False,False,False,False,False,False,False,False,False,True,False,False,False,False,October,0
298,298,15453,14424,77,10,10,0,5,2,85,False,False,False,True,False,False,False,False,False,False,False,False,False,False,False,True,False,False,False,False,Novermber,2
299,299,15453,14424,77,10,10,0,5,2,85,False,False,False,True,False,False,False,False,False,False,False,False,False,False,False,True,False,False,False,False,December,8
300,300,15455,15405,79,10,10,0,5,2,87,False,False,False,True,False,False,False,False,False,False,False,False,False,False,False,False,True,False,False,False,January,0
301,301,15455,15405,79,10,10,0,5,2,87,False,False,False,True,False,False,False,False,False,False,False,False,False,False,False,False,True,False,False,False,February,0
302,302,15455,15405,79,10,10,0,5,2,87,False,False,False,True,False,False,False,False,False,False,False,False,False,False,False,False,True,False,False,False,March,0
303,303,15455,15405,79,10,10,0,5,2,87,False,False,False,True,False,False,False,False,False,False,False,False,False,False,False,False,True,False,False,False,April,0
304,304,15455,15405,79,10,10,0,5,2,87,False,False,False,True,False,False,False,False,False,False,False,False,False,False,False,False,True,False,False,False,May,0
305,305,15455,15405,79,10,10,0,5,2,87,False,False,False,True,False,False,False,False,False,False,False,False,False,False,False,False,True,False,False,False,June,0
306,306,15455,15405,79,10,10,0,5,2,87,False,False,False,True,False,False,False,False,False,False,False,False,False,False,False,False,True,False,False,False,July,0
307,307,15455,15405,79,10,10,0,5,2,87,False,False,False,True,False,False,False,False,False,False,False,False,False,False,False,False,True,False,False,False,August,0
308,308,15455,15405,79,10,10,0,5,2,87,False,False,False,True,False,False,False,False,False,False,False,False,False,False,False,False,True,False,False,False,September,0
309,309,15455,15405,79,10,10,0,5,2,87,False,False,False,True,False,False,False,False,False,False,False,False,False,False,False,False,True,False,False,False,October,0
310,310,15455,15405,79,10,10,0,5,2,87,False,False,False,True,False,False,False,False,False,False,False,False,False,False,False,False,True,False,False,False,Novermber,2
311,311,15455,15405,79,10,10,0,5,2,87,False,False,False,True,False,False,False,False,False,False,False,False,False,False,False,False,True,False,False,False,December,8
312,312,15456,19880,70,20,4,0,5,2,88,False,False,False,True,False,False,False,False,False,False,False,False,False,False,False,True,False,False,False,False,January,0
313,313,15456,19880,70,20,4,0,5,2,88,False,False,False,True,False,False,False,False,False,False,False,False,False,False,False,True,False,False,False,False,February,0
314,314,15456,19880,70,20,4,0,5,2,88,False,False,False,True,False,False,False,False,False,False,False,False,False,False,False,True,False,False,False,False,March,0
315,315,15456,19880,70,20,4,0,5,2,88,False,False,False,True,False,False,False,False,False,False,False,False,False,False,False,True,False,False,False,False,April,0
316,316,15456,19880,70,20,4,0,5,2,88,False,False,False,True,False,False,False,False,False,False,False,False,False,False,False,True,False,False,False,False,May,0
317,317,15456,19880,70,20,4,0,5,2,88,False,False,False,True,False,False,False,False,False,False,False,False,False,False,False,True,False,False,False,False,June,0
318,318,15456,19880,70,20,4,0,5,2,88,False,False,False,True,False,False,False,False,False,False,False,False,False,False,False,True,False,False,False,False,July,0
319,319,15456,19880,70,20,4,0,5,2,88,False,False,False,True,False,False,False,False,False,False,False,False,False,False,False,True,False,False,False,False,August,0
320,320,15456,19880,70,20,4,0,5,2,88,False,False,False,True,False,False,False,False,False,False,False,False,False,False,False,True,False,False,False,False,September,0
321,321,15456,19880,70,20,4,0,5,2,88,False,False,False,True,False,False,False,False,False,False,False,False,False,False,False,True,False,False,False,False,October,0
322,322,15456,19880,70,20,4,0,5,2,88,False,False,False,True,False,False,False,False,False,False,False,False,False,False,False,True,False,False,False,False,Novermber,2
323,323,15456,19880,70,20,4,0,5,2,88,False,False,False,True,False,False,False,False,False,False,False,False,False,False,False,True,False,False,False,False,December,2
324,324,15458,7350,25,66,6,0,5,2,89,False,False,False,True,False,False,False,False,False,False,False,False,False,False,False,False,True,False,False,False,January,0
325,325,15458,7350,25,66,6,0,5,2,89,False,False,False,True,False,False,False,False,False,False,False,False,False,False,False,False,True,False,False,False,February,0
326,326,15458,7350,25,66,6,0,5,2,89,False,False,False,True,False,False,False,False,False,False,False,False,False,False,False,False,True,False,False,False,March,0
327,327,15458,7350,25,66,6,0,5,2,89,False,False,False,True,False,False,False,False,False,False,False,False,False,False,False,False,True,False,False,False,April,0
328,328,15458,7350,25,66,6,0,5,2,89,False,False,False,True,False,False,False,False,False,False,False,False,False,False,False,False,True,False,False,False,May,0
329,329,15458,7350,25,66,6,0,5,2,89,False,False,False,True,False,False,False,False,False,False,False,False,False,False,False,False,True,False,False,False,June,0
330,330,15458,7350,25,66,6,0,5,2,89,False,False,False,True,False,False,False,False,False,False,False,False,False,False,False,False,True,False,False,False,July,0
331,331,15458,7350,25,66,6,0,5,2,89,False,False,False,True,False,False,False,False,False,False,False,False,False,False,False,False,True,False,False,False,August,0
332,332,15458,7350,25,66,6,0,5,2,89,False,False,False,True,False,False,False,False,False,False,False,False,False,False,False,False,True,False,False,False,September,0
333,333,15458,7350,25,66,6,0,5,2,89,False,False,False,True,False,False,False,False,False,False,False,False,False,False,False,False,True,False,False,False,October,0
334,334,15458,7350,25,66,6,0,5,2,89,False,False,False,True,False,False,False,False,False,False,False,False,False,False,False,False,True,False,False,False,Novermber,2
335,335,15458,7350,25,66,6,0,5,2,89,False,False,False,True,False,False,False,False,False,False,False,False,False,False,False,False,True,False,False,False,December,4
336,336,15451,10374,91,0,5,0,5,0,91,False,False,False,True,False,False,False,False,False,False,False,False,False,True,False,False,False,False,False,False,January,0
337,337,15451,10374,91,0,5,0,5,0,91,False,False,False,True,False,False,False,False,False,False,False,False,False,True,False,False,False,False,False,False,February,0
338,338,15451,10374,91,0,5,0,5,0,91,False,False,False,True,False,False,False,False,False,False,False,False,False,True,False,False,False,False,False,False,March,0
339,339,15451,10374,91,0,5,0,5,0,91,False,False,False,True,False,False,False,False,False,False,False,False,False,True,False,False,False,False,False,False,April,0
340,340,15451,10374,91,0,5,0,5,0,91,False,False,False,True,False,False,False,False,False,False,False,False,False,True,False,False,False,False,False,False,May,0
341,341,15451,10374,91,0,5,0,5,0,91,False,False,False,True,False,False,False,False,False,False,False,False,False,True,False,False,False,False,False,False,June,0
342,342,15451,10374,91,0,5,0,5,0,91,False,False,False,True,False,False,False,False,False,False,False,False,False,True,False,False,False,False,False,False,July,0
343,343,15451,10374,91,0,5,0,5,0,91,False,False,False,True,False,False,False,False,False,False,False,False,False,True,False,False,False,False,False,False,August,0
344,344,15451,10374,91,0,5,0,5,0,91,False,False,False,True,False,False,False,False,False,False,False,False,False,True,False,False,False,False,False,False,September,0
345,345,15451,10374,91,0,5,0,5,0,91,False,False,False,True,False,False,False,False,False,False,False,False,False,True,False,False,False,False,False,False,October,0
346,346,15451,10374,91,0,5,0,5,0,91,False,False,False,True,False,False,False,False,False,False,False,False,False,True,False,False,False,False,False,False,Novermber,0
347,347,15451,10374,91,0,5,0,5,0,91,False,False,False,True,False,False,False,False,False,False,False,False,False,True,False,False,False,False,False,False,December,5
348,348,15454,15735,84,10,1,0,5,0,94,False,False,False,True,False,False,False,False,False,False,False,False,False,True,False,False,False,False,False,False,January,0
349,349,15454,15735,84,10,1,0,5,0,94,False,False,False,True,False,False,False,False,False,False,False,False,False,True,False,False,False,False,False,False,February,0
350,350,15454,15735,84,10,1,0,5,0,94,False,False,False,True,False,False,False,False,False,False,False,False,False,True,False,False,False,False,False,False,March,0
351,351,15454,15735,84,10,1,0,5,0,94,False,False,False,True,False,False,False,False,False,False,False,False,False,True,False,False,False,False,False,False,April,0
352,352,15454,15735,84,10,1,0,5,0,94,False,False,False,True,False,False,False,False,False,False,False,False,False,True,False,False,False,False,False,False,May,0
353,353,15454,15735,84,10,1,0,5,0,94,False,False,False,True,False,False,False,False,False,False,False,False,False,True,False,False,False,False,False,False,June,0
354,354,15454,15735,84,10,1,0,5,0,94,False,False,False,True,False,False,False,False,False,False,False,False,False,True,False,False,False,False,False,False,July,0
355,355,15454,15735,84,10,1,0,5,0,94,False,False,False,True,False,False,False,False,False,False,False,False,False,True,False,False,False,False,False,False,August,0
356,356,15454,15735,84,10,1,0,5,0,94,False,False,False,True,False,False,False,False,False,False,False,False,False,True,False,False,False,False,False,False,September,0
357,357,15454,15735,84,10,1,0,5,0,94,False,False,False,True,False,False,False,False,False,False,False,False,False,True,False,False,False,False,False,False,October,0
358,358,15454,15735,84,10,1,0,5,0,94,False,False,False,True,False,False,False,False,False,False,False,False,False,True,False,False,False,False,False,False,Novermber,0
359,359,15454,15735,84,10,1,0,5,0,94,False,False,False,True,False,False,False,False,False,False,False,False,False,True,False,False,False,False,False,False,December,1
360,360,15457,21868,77,20,0,0,5,0,97,False,False,False,True,False,False,False,False,False,False,False,False,False,True,False,False,False,False,False,False,January,0
361,361,15457,21868,77,20,0,0,5,0,97,False,False,False,True,False,False,False,False,False,False,False,False,False,True,False,False,False,False,False,False,February,0
362,362,15457,21868,77,20,0,0,5,0,97,False,False,False,True,False,False,False,False,False,False,False,False,False,True,False,False,False,False,False,False,March,0
363,363,15457,21868,77,20,0,0,5,0,97,False,False,False,True,False,False,False,False,False,False,False,False,False,True,False,False,False,False,False,False,April,0
364,364,15457,21868,77,20,0,0,5,0,97,False,False,False,True,False,False,False,False,False,False,False,False,False,True,False,False,False,False,False,False,May,0
365,365,15457,21868,77,20,0,0,5,0,97,False,False,False,True,False,False,False,False,False,False,False,False,False,True,False,False,False,False,False,False,June,0
366,366,15457,21868,77,20,0,0,5,0,97,False,False,False,True,False,False,False,False,False,False,False,False,False,True,False,False,False,False,False,False,July,0
367,367,15457,21868,77,20,0,0,5,0,97,False,False,False,True,False,False,False,False,False,False,False,False,False,True,False,False,False,False,False,False,August,0
368,368,15457,21868,77,20,0,0,5,0,97,False,False,False,True,False,False,False,False,False,False,False,False,False,True,False,False,False,False,False,False,September,0
369,369,15457,21868,77,20,0,0,5,0,97,False,False,False,True,False,False,False,False,False,False,False,False,False,True,False,False,False,False,False,False,October,0
370,370,15457,21868,77,20,0,0,5,0,97,False,False,False,True,False,False,False,False,False,False,False,False,False,True,False,False,False,False,False,False,Novermber,0
371,371,15457,21868,77,20,0,0,5,0,97,False,False,False,True,False,False,False,False,False,False,False,False,False,True,False,False,False,False,False,False,December,0
372,372,15084,-956,-19,200,920,65,6,392,-211,False,False,False,False,False,True,False,False,False,False,False,False,False,False,False,False,False,True,False,False,January,228
373,373,15084,-956,-19,200,920,65,6,392,-211,False,False,False,False,False,True,False,False,False,False,False,False,False,False,False,False,False,True,False,False,February,84
374,374,15084,-956,-19,200,920,65,6,392,-211,False,False,False,False,False,True,False,False,False,False,False,False,False,False,False,False,False,True,False,False,March,35
375,375,15084,-956,-19,200,920,65,6,392,-211,False,False,False,False,False,True,False,False,False,False,False,False,False,False,False,False,False,True,False,False,April,50
376,376,15084,-956,-19,200,920,65,6,392,-211,False,False,False,False,False,True,False,False,False,False,False,False,False,False,False,False,False,True,False,False,May,104
377,377,15084,-956,-19,200,920,65,6,392,-211,False,False,False,False,False,True,False,False,False,False,False,False,False,False,False,False,False,True,False,False,June,5
378,378,15084,-956,-19,200,920,65,6,392,-211,False,False,False,False,False,True,False,False,False,False,False,False,False,False,False,False,False,True,False,False,July,103
379,379,15084,-956,-19,200,920,65,6,392,-211,False,False,False,False,False,True,False,False,False,False,False,False,False,False,False,False,False,True,False,False,August,81
380,380,15084,-956,-19,200,920,65,6,392,-211,False,False,False,False,False,True,False,False,False,False,False,False,False,False,False,False,False,True,False,False,September,66
381,381,15084,-956,-19,200,920,65,6,392,-211,False,False,False,False,False,True,False,False,False,False,False,False,False,False,False,False,False,True,False,False,October,74
382,382,15084,-956,-19,200,920,65,6,392,-211,False,False,False,False,False,True,False,False,False,False,False,False,False,False,False,False,False,True,False,False,Novermber,3
383,383,15084,-956,-19,200,920,65,6,392,-211,False,False,False,False,False,True,False,False,False,False,False,False,False,False,False,False,False,True,False,False,December,87
384,384,15087,12293,190,0,496,36,5,179,11,False,False,False,False,False,True,False,False,False,False,False,False,False,False,False,False,False,True,False,False,January,84
385,385,15087,12293,190,0,496,36,5,179,11,False,False,False,False,False,True,False,False,False,False,False,False,False,False,False,False,False,True,False,False,February,42
386,386,15087,12293,190,0,496,36,5,179,11,False,False,False,False,False,True,False,False,False,False,False,False,False,False,False,False,False,True,False,False,March,75
387,387,15087,12293,190,0,496,36,5,179,11,False,False,False,False,False,True,False,False,False,False,False,False,False,False,False,False,False,True,False,False,April,1
388,388,15087,12293,190,0,496,36,5,179,11,False,False,False,False,False,True,False,False,False,False,False,False,False,False,False,False,False,True,False,False,May,47
389,389,15087,12293,190,0,496,36,5,179,11,False,False,False,False,False,True,False,False,False,False,False,False,False,False,False,False,False,True,False,False,June,54
390,390,15087,12293,190,0,496,36,5,179,11,False,False,False,False,False,True,False,False,False,False,False,False,False,False,False,False,False,True,False,False,July,38
391,391,15087,12293,190,0,496,36,5,179,11,False,False,False,False,False,True,False,False,False,False,False,False,False,False,False,False,False,True,False,False,August,27
392,392,15087,12293,190,0,496,36,5,179,11,False,False,False,False,False,True,False,False,False,False,False,False,False,False,False,False,False,True,False,False,September,69
393,393,15087,12293,190,0,496,36,5,179,11,False,False,False,False,False,True,False,False,False,False,False,False,False,False,False,False,False,True,False,False,October,34
394,394,15087,12293,190,0,496,36,5,179,11,False,False,False,False,False,True,False,False,False,False,False,False,False,False,False,False,False,True,False,False,Novermber,11
395,395,15087,12293,190,0,496,36,5,179,11,False,False,False,False,False,True,False,False,False,False,False,False,False,False,False,False,False,True,False,False,December,14
396,396,15080,108,3,1000,1581,146,6,875,76,False,False,False,False,False,True,False,False,False,False,False,False,False,False,False,False,False,False,False,True,January,166
397,397,15080,108,3,1000,1581,146,6,875,76,False,False,False,False,False,True,False,False,False,False,False,False,False,False,False,False,False,False,False,True,February,76
398,398,15080,108,3,1000,1581,146,6,875,76,False,False,False,False,False,True,False,False,False,False,False,False,False,False,False,False,False,False,False,True,March,198
399,399,15080,108,3,1000,1581,146,6,875,76,False,False,False,False,False,True,False,False,False,False,False,False,False,False,False,False,False,False,False,True,April,27
400,400,15080,108,3,1000,1581,146,6,875,76,False,False,False,False,False,True,False,False,False,False,False,False,False,False,False,False,False,False,False,True,May,178
401,401,15080,108,3,1000,1581,146,6,875,76,False,False,False,False,False,True,False,False,False,False,False,False,False,False,False,False,False,False,False,True,June,4
402,402,15080,108,3,1000,1581,146,6,875,76,False,False,False,False,False,True,False,False,False,False,False,False,False,False,False,False,False,False,False,True,July,175
403,403,15080,108,3,1000,1581,146,6,875,76,False,False,False,False,False,True,False,False,False,False,False,False,False,False,False,False,False,False,False,True,August,240
404,404,15080,108,3,1000,1581,146,6,875,76,False,False,False,False,False,True,False,False,False,False,False,False,False,False,False,False,False,False,False,True,September,126
405,405,15080,108,3,1000,1581,146,6,875,76,False,False,False,False,False,True,False,False,False,False,False,False,False,False,False,False,False,False,False,True,October,172
406,406,15080,108,3,1000,1581,146,6,875,76,False,False,False,False,False,True,False,False,False,False,False,False,False,False,False,False,False,False,False,True,Novermber,16
407,407,15080,108,3,1000,1581,146,6,875,76,False,False,False,False,False,True,False,False,False,False,False,False,False,False,False,False,False,False,False,True,December,203
408,408,15081,9180,255,300,857,74,6,446,109,False,False,False,False,False,True,False,False,False,False,False,False,False,False,False,False,False,True,False,False,January,138
409,409,15081,9180,255,300,857,74,6,446,109,False,False,False,False,False,True,False,False,False,False,False,False,False,False,False,False,False,True,False,False,February,57
410,410,15081,9180,255,300,857,74,6,446,109,False,False,False,False,False,True,False,False,False,False,False,False,False,False,False,False,False,True,False,False,March,71
411,411,15081,9180,255,300,857,74,6,446,109,False,False,False,False,False,True,False,False,False,False,False,False,False,False,False,False,False,True,False,False,April,17
412,412,15081,9180,255,300,857,74,6,446,109,False,False,False,False,False,True,False,False,False,False,False,False,False,False,False,False,False,True,False,False,May,101
413,413,15081,9180,255,300,857,74,6,446,109,False,False,False,False,False,True,False,False,False,False,False,False,False,False,False,False,False,True,False,False,June,49
414,414,15081,9180,255,300,857,74,6,446,109,False,False,False,False,False,True,False,False,False,False,False,False,False,False,False,False,False,True,False,False,July,60
415,415,15081,9180,255,300,857,74,6,446,109,False,False,False,False,False,True,False,False,False,False,False,False,False,False,False,False,False,True,False,False,August,149
416,416,15081,9180,255,300,857,74,6,446,109,False,False,False,False,False,True,False,False,False,False,False,False,False,False,False,False,False,True,False,False,September,61
417,417,15081,9180,255,300,857,74,6,446,109,False,False,False,False,False,True,False,False,False,False,False,False,False,False,False,False,False,True,False,False,October,90
418,418,15081,9180,255,300,857,74,6,446,109,False,False,False,False,False,True,False,False,False,False,False,False,False,False,False,False,False,True,False,False,Novermber,12
419,419,15081,9180,255,300,857,74,6,446,109,False,False,False,False,False,True,False,False,False,False,False,False,False,False,False,False,False,True,False,False,December,52
420,420,15086,15552,243,300,773,72,6,433,110,False,False,False,False,False,True,False,False,False,False,False,False,False,False,False,False,False,False,False,True,January,48
421,421,15086,15552,243,300,773,72,6,433,110,False,False,False,False,False,True,False,False,False,False,False,False,False,False,False,False,False,False,False,True,February,53
422,422,15086,15552,243,300,773,72,6,433,110,False,False,False,False,False,True,False,False,False,False,False,False,False,False,False,False,False,False,False,True,March,114
423,423,15086,15552,243,300,773,72,6,433,110,False,False,False,False,False,True,False,False,False,False,False,False,False,False,False,False,False,False,False,True,April,69
424,424,15086,15552,243,300,773,72,6,433,110,False,False,False,False,False,True,False,False,False,False,False,False,False,False,False,False,False,False,False,True,May,38
425,425,15086,15552,243,300,773,72,6,433,110,False,False,False,False,False,True,False,False,False,False,False,False,False,False,False,False,False,False,False,True,June,58
426,426,15086,15552,243,300,773,72,6,433,110,False,False,False,False,False,True,False,False,False,False,False,False,False,False,False,False,False,False,False,True,July,79
427,427,15086,15552,243,300,773,72,6,433,110,False,False,False,False,False,True,False,False,False,False,False,False,False,False,False,False,False,False,False,True,August,137
428,428,15086,15552,243,300,773,72,6,433,110,False,False,False,False,False,True,False,False,False,False,False,False,False,False,False,False,False,False,False,True,September,57
429,429,15086,15552,243,300,773,72,6,433,110,False,False,False,False,False,True,False,False,False,False,False,False,False,False,False,False,False,False,False,True,October,19
430,430,15086,15552,243,300,773,72,6,433,110,False,False,False,False,False,True,False,False,False,False,False,False,False,False,False,False,False,False,False,True,Novermber,69
431,431,15086,15552,243,300,773,72,6,433,110,False,False,False,False,False,True,False,False,False,False,False,False,False,False,False,False,False,False,False,True,December,32
432,432,15083,3622,72,1000,1210,102,6,611,421,False,False,False,False,False,True,False,False,False,False,False,False,False,False,False,False,False,False,False,True,January,145
433,433,15083,3622,72,1000,1210,102,6,611,421,False,False,False,False,False,True,False,False,False,False,False,False,False,False,False,False,False,False,False,True,February,105
434,434,15083,3622,72,1000,1210,102,6,611,421,False,False,False,False,False,True,False,False,False,False,False,False,False,False,False,False,False,False,False,True,March,33
435,435,15083,3622,72,1000,1210,102,6,611,421,False,False,False,False,False,True,False,False,False,False,False,False,False,False,False,False,False,False,False,True,April,48
436,436,15083,3622,72,1000,1210,102,6,611,421,False,False,False,False,False,True,False,False,False,False,False,False,False,False,False,False,False,False,False,True,May,168
437,437,15083,3622,72,1000,1210,102,6,611,421,False,False,False,False,False,True,False,False,False,False,False,False,False,False,False,False,False,False,False,True,June,89
438,438,15083,3622,72,1000,1210,102,6,611,421,False,False,False,False,False,True,False,False,False,False,False,False,False,False,False,False,False,False,False,True,July,102
439,439,15083,3622,72,1000,1210,102,6,611,421,False,False,False,False,False,True,False,False,False,False,False,False,False,False,False,False,False,False,False,True,August,270
440,440,15083,3622,72,1000,1210,102,6,611,421,False,False,False,False,False,True,False,False,False,False,False,False,False,False,False,False,False,False,False,True,September,87
441,441,15083,3622,72,1000,1210,102,6,611,421,False,False,False,False,False,True,False,False,False,False,False,False,False,False,False,False,False,False,False,True,October,55
442,442,15083,3622,72,1000,1210,102,6,611,421,False,False,False,False,False,True,False,False,False,False,False,False,False,False,False,False,False,False,False,True,Novermber,-5
443,443,15083,3622,72,1000,1210,102,6,611,421,False,False,False,False,False,True,False,False,False,False,False,False,False,False,False,False,False,False,False,True,December,113
444,444,15088,3370,52,0,53,6,5,28,24,False,False,False,False,False,True,False,False,False,False,False,False,False,False,False,False,False,False,True,False,January,5
445,445,15088,3370,52,0,53,6,5,28,24,False,False,False,False,False,True,False,False,False,False,False,False,False,False,False,False,False,False,True,False,February,5
446,446,15088,3370,52,0,53,6,5,28,24,False,False,False,False,False,True,False,False,False,False,False,False,False,False,False,False,False,False,True,False,March,5
447,447,15088,3370,52,0,53,6,5,28,24,False,False,False,False,False,True,False,False,False,False,False,False,False,False,False,False,False,False,True,False,April,1
448,448,15088,3370,52,0,53,6,5,28,24,False,False,False,False,False,True,False,False,False,False,False,False,False,False,False,False,False,False,True,False,May,1
449,449,15088,3370,52,0,53,6,5,28,24,False,False,False,False,False,True,False,False,False,False,False,False,False,False,False,False,False,False,True,False,June,6
450,450,15088,3370,52,0,53,6,5,28,24,False,False,False,False,False,True,False,False,False,False,False,False,False,False,False,False,False,False,True,False,July,2
451,451,15088,3370,52,0,53,6,5,28,24,False,False,False,False,False,True,False,False,False,False,False,False,False,False,False,False,False,False,True,False,August,8
452,452,15088,3370,52,0,53,6,5,28,24,False,False,False,False,False,True,False,False,False,False,False,False,False,False,False,False,False,False,True,False,September,7
453,453,15088,3370,52,0,53,6,5,28,24,False,False,False,False,False,True,False,False,False,False,False,False,False,False,False,False,False,False,True,False,October,0
454,454,15088,3370,52,0,53,6,5,28,24,False,False,False,False,False,True,False,False,False,False,False,False,False,False,False,False,False,False,True,False,Novermber,11
455,455,15088,3370,52,0,53,6,5,28,24,False,False,False,False,False,True,False,False,False,False,False,False,False,False,False,False,False,False,True,False,December,2
456,456,15085,5940,108,0,100,6,5,30,78,False,False,False,False,False,True,False,False,False,False,False,False,False,False,False,False,False,False,True,False,January,5
457,457,15085,5940,108,0,100,6,5,30,78,False,False,False,False,False,True,False,False,False,False,False,False,False,False,False,False,False,False,True,False,February,36
458,458,15085,5940,108,0,100,6,5,30,78,False,False,False,False,False,True,False,False,False,False,False,False,False,False,False,False,False,False,True,False,March,-1
459,459,15085,5940,108,0,100,6,5,30,78,False,False,False,False,False,True,False,False,False,False,False,False,False,False,False,False,False,False,True,False,April,0
460,460,15085,5940,108,0,100,6,5,30,78,False,False,False,False,False,True,False,False,False,False,False,False,False,False,False,False,False,False,True,False,May,6
461,461,15085,5940,108,0,100,6,5,30,78,False,False,False,False,False,True,False,False,False,False,False,False,False,False,False,False,False,False,True,False,June,14
462,462,15085,5940,108,0,100,6,5,30,78,False,False,False,False,False,True,False,False,False,False,False,False,False,False,False,False,False,False,True,False,July,1
463,463,15085,5940,108,0,100,6,5,30,78,False,False,False,False,False,True,False,False,False,False,False,False,False,False,False,False,False,False,True,False,August,18
464,464,15085,5940,108,0,100,6,5,30,78,False,False,False,False,False,True,False,False,False,False,False,False,False,False,False,False,False,False,True,False,September,11
465,465,15085,5940,108,0,100,6,5,30,78,False,False,False,False,False,True,False,False,False,False,False,False,False,False,False,False,False,False,True,False,October,0
466,466,15085,5940,108,0,100,6,5,30,78,False,False,False,False,False,True,False,False,False,False,False,False,False,False,False,False,False,False,True,False,Novermber,0
467,467,15085,5940,108,0,100,6,5,30,78,False,False,False,False,False,True,False,False,False,False,False,False,False,False,False,False,False,False,True,False,December,10
468,468,15082,13612,332,0,60,3,5,13,319,False,False,False,False,False,True,False,False,False,False,False,False,False,False,False,False,False,False,True,False,January,11
469,469,15082,13612,332,0,60,3,5,13,319,False,False,False,False,False,True,False,False,False,False,False,False,False,False,False,False,False,False,True,False,February,8
470,470,15082,13612,332,0,60,3,5,13,319,False,False,False,False,False,True,False,False,False,False,False,False,False,False,False,False,False,False,True,False,March,16
471,471,15082,13612,332,0,60,3,5,13,319,False,False,False,False,False,True,False,False,False,False,False,False,False,False,False,False,False,False,True,False,April,0
472,472,15082,13612,332,0,60,3,5,13,319,False,False,False,False,False,True,False,False,False,False,False,False,False,False,False,False,False,False,True,False,May,4
473,473,15082,13612,332,0,60,3,5,13,319,False,False,False,False,False,True,False,False,False,False,False,False,False,False,False,False,False,False,True,False,June,4
474,474,15082,13612,332,0,60,3,5,13,319,False,False,False,False,False,True,False,False,False,False,False,False,False,False,False,False,False,False,True,False,July,1
475,475,15082,13612,332,0,60,3,5,13,319,False,False,False,False,False,True,False,False,False,False,False,False,False,False,False,False,False,False,True,False,August,0
476,476,15082,13612,332,0,60,3,5,13,319,False,False,False,False,False,True,False,False,False,False,False,False,False,False,False,False,False,False,True,False,September,12
477,477,15082,13612,332,0,60,3,5,13,319,False,False,False,False,False,True,False,False,False,False,False,False,False,False,False,False,False,False,True,False,October,-3
478,478,15082,13612,332,0,60,3,5,13,319,False,False,False,False,False,True,False,False,False,False,False,False,False,False,False,False,False,False,True,False,Novermber,3
479,479,15082,13612,332,0,60,3,5,13,319,False,False,False,False,False,True,False,False,False,False,False,False,False,False,False,False,False,False,True,False,December,4
480,480,15907,6848,107,0,121,9,5,43,64,False,False,False,False,False,False,True,False,False,False,False,False,False,True,False,False,False,False,False,False,January,11
481,481,15907,6848,107,0,121,9,5,43,64,False,False,False,False,False,False,True,False,False,False,False,False,False,True,False,False,False,False,False,False,February,20
482,482,15907,6848,107,0,121,9,5,43,64,False,False,False,False,False,False,True,False,False,False,False,False,False,True,False,False,False,False,False,False,March,9
483,483,15907,6848,107,0,121,9,5,43,64,False,False,False,False,False,False,True,False,False,False,False,False,False,True,False,False,False,False,False,False,April,4
484,484,15907,6848,107,0,121,9,5,43,64,False,False,False,False,False,False,True,False,False,False,False,False,False,True,False,False,False,False,False,False,May,15
485,485,15907,6848,107,0,121,9,5,43,64,False,False,False,False,False,False,True,False,False,False,False,False,False,True,False,False,False,False,False,False,June,12
486,486,15907,6848,107,0,121,9,5,43,64,False,False,False,False,False,False,True,False,False,False,False,False,False,True,False,False,False,False,False,False,July,6
487,487,15907,6848,107,0,121,9,5,43,64,False,False,False,False,False,False,True,False,False,False,False,False,False,True,False,False,False,False,False,False,August,11
488,488,15907,6848,107,0,121,9,5,43,64,False,False,False,False,False,False,True,False,False,False,False,False,False,True,False,False,False,False,False,False,September,20
489,489,15907,6848,107,0,121,9,5,43,64,False,False,False,False,False,False,True,False,False,False,False,False,False,True,False,False,False,False,False,False,October,6
490,490,15907,6848,107,0,121,9,5,43,64,False,False,False,False,False,False,True,False,False,False,False,False,False,True,False,False,False,False,False,False,Novermber,0
491,491,15907,6848,107,0,121,9,5,43,64,False,False,False,False,False,False,True,False,False,False,False,False,False,True,False,False,False,False,False,False,December,7
492,492,15906,13248,207,0,35,7,5,33,174,False,False,False,False,False,False,True,False,False,False,False,False,False,False,False,True,False,False,False,False,January,0
493,493,15906,13248,207,0,35,7,5,33,174,False,False,False,False,False,False,True,False,False,False,False,False,False,False,False,True,False,False,False,False,February,0
494,494,15906,13248,207,0,35,7,5,33,174,False,False,False,False,False,False,True,False,False,False,False,False,False,False,False,True,False,False,False,False,March,0
495,495,15906,13248,207,0,35,7,5,33,174,False,False,False,False,False,False,True,False,False,False,False,False,False,False,False,True,False,False,False,False,April,0
496,496,15906,13248,207,0,35,7,5,33,174,False,False,False,False,False,False,True,False,False,False,False,False,False,False,False,True,False,False,False,False,May,0
497,497,15906,13248,207,0,35,7,5,33,174,False,False,False,False,False,False,True,False,False,False,False,False,False,False,False,True,False,False,False,False,June,2
498,498,15906,13248,207,0,35,7,5,33,174,False,False,False,False,False,False,True,False,False,False,False,False,False,False,False,True,False,False,False,False,July,18
499,499,15906,13248,207,0,35,7,5,33,174,False,False,False,False,False,False,True,False,False,False,False,False,False,False,False,True,False,False,False,False,August,4
500,500,15906,13248,207,0,35,7,5,33,174,False,False,False,False,False,False,True,False,False,False,False,False,False,False,False,True,False,False,False,False,September,2
501,501,15906,13248,207,0,35,7,5,33,174,False,False,False,False,False,False,True,False,False,False,False,False,False,False,False,True,False,False,False,False,October,0
502,502,15906,13248,207,0,35,7,5,33,174,False,False,False,False,False,False,True,False,False,False,False,False,False,False,False,True,False,False,False,False,Novermber,9
503,503,15906,13248,207,0,35,7,5,33,174,False,False,False,False,False,False,True,False,False,False,False,False,False,False,False,True,False,False,False,False,December,0
504,504,15915,11296,32,0,11,1,5,5,27,False,False,False,False,False,False,True,False,False,False,False,False,False,True,False,False,False,False,False,False,January,2
505,505,15915,11296,32,0,11,1,5,5,27,False,False,False,False,False,False,True,False,False,False,False,False,False,True,False,False,False,False,False,False,February,2
506,506,15915,11296,32,0,11,1,5,5,27,False,False,False,False,False,False,True,False,False,False,False,False,False,True,False,False,False,False,False,False,March,2
507,507,15915,11296,32,0,11,1,5,5,27,False,False,False,False,False,False,True,False,False,False,False,False,False,True,False,False,False,False,False,False,April,0
508,508,15915,11296,32,0,11,1,5,5,27,False,False,False,False,False,False,True,False,False,False,False,False,False,True,False,False,False,False,False,False,May,0
509,509,15915,11296,32,0,11,1,5,5,27,False,False,False,False,False,False,True,False,False,False,False,False,False,True,False,False,False,False,False,False,June,0
510,510,15915,11296,32,0,11,1,5,5,27,False,False,False,False,False,False,True,False,False,False,False,False,False,True,False,False,False,False,False,False,July,-1
511,511,15915,11296,32,0,11,1,5,5,27,False,False,False,False,False,False,True,False,False,False,False,False,False,True,False,False,False,False,False,False,August,0
512,512,15915,11296,32,0,11,1,5,5,27,False,False,False,False,False,False,True,False,False,False,False,False,False,True,False,False,False,False,False,False,September,4
513,513,15915,11296,32,0,11,1,5,5,27,False,False,False,False,False,False,True,False,False,False,False,False,False,True,False,False,False,False,False,False,October,0
514,514,15915,11296,32,0,11,1,5,5,27,False,False,False,False,False,False,True,False,False,False,False,False,False,True,False,False,False,False,False,False,Novermber,2
515,515,15915,11296,32,0,11,1,5,5,27,False,False,False,False,False,False,True,False,False,False,False,False,False,True,False,False,False,False,False,False,December,0
516,516,15916,8970,23,0,17,0,5,2,21,False,False,False,False,False,False,True,False,False,False,False,False,False,False,True,False,False,False,False,False,January,0
517,517,15916,8970,23,0,17,0,5,2,21,False,False,False,False,False,False,True,False,False,False,False,False,False,False,True,False,False,False,False,False,February,0
518,518,15916,8970,23,0,17,0,5,2,21,False,False,False,False,False,False,True,False,False,False,False,False,False,False,True,False,False,False,False,False,March,0
519,519,15916,8970,23,0,17,0,5,2,21,False,False,False,False,False,False,True,False,False,False,False,False,False,False,True,False,False,False,False,False,April,0
520,520,15916,8970,23,0,17,0,5,2,21,False,False,False,False,False,False,True,False,False,False,False,False,False,False,True,False,False,False,False,False,May,0
521,521,15916,8970,23,0,17,0,5,2,21,False,False,False,False,False,False,True,False,False,False,False,False,False,False,True,False,False,False,False,False,June,15
522,522,15916,8970,23,0,17,0,5,2,21,False,False,False,False,False,False,True,False,False,False,False,False,False,False,True,False,False,False,False,False,July,1
523,523,15916,8970,23,0,17,0,5,2,21,False,False,False,False,False,False,True,False,False,False,False,False,False,False,True,False,False,False,False,False,August,0
524,524,15916,8970,23,0,17,0,5,2,21,False,False,False,False,False,False,True,False,False,False,False,False,False,False,True,False,False,False,False,False,September,0
525,525,15916,8970,23,0,17,0,5,2,21,False,False,False,False,False,False,True,False,False,False,False,False,False,False,True,False,False,False,False,False,October,1
526,526,15916,8970,23,0,17,0,5,2,21,False,False,False,False,False,False,True,False,False,False,False,False,False,False,True,False,False,False,False,False,Novermber,0
527,527,15916,8970,23,0,17,0,5,2,21,False,False,False,False,False,False,True,False,False,False,False,False,False,False,True,False,False,False,False,False,December,0
528,528,15908,19182,278,0,53,4,5,22,256,False,False,False,False,False,False,True,False,False,False,False,False,False,False,True,False,False,False,False,False,January,3
529,529,15908,19182,278,0,53,4,5,22,256,False,False,False,False,False,False,True,False,False,False,False,False,False,False,True,False,False,False,False,False,February,0
530,530,15908,19182,278,0,53,4,5,22,256,False,False,False,False,False,False,True,False,False,False,False,False,False,False,True,False,False,False,False,False,March,6
531,531,15908,19182,278,0,53,4,5,22,256,False,False,False,False,False,False,True,False,False,False,False,False,False,False,True,False,False,False,False,False,April,0
532,532,15908,19182,278,0,53,4,5,22,256,False,False,False,False,False,False,True,False,False,False,False,False,False,False,True,False,False,False,False,False,May,9
533,533,15908,19182,278,0,53,4,5,22,256,False,False,False,False,False,False,True,False,False,False,False,False,False,False,True,False,False,False,False,False,June,13
534,534,15908,19182,278,0,53,4,5,22,256,False,False,False,False,False,False,True,False,False,False,False,False,False,False,True,False,False,False,False,False,July,6
535,535,15908,19182,278,0,53,4,5,22,256,False,False,False,False,False,False,True,False,False,False,False,False,False,False,True,False,False,False,False,False,August,8
536,536,15908,19182,278,0,53,4,5,22,256,False,False,False,False,False,False,True,False,False,False,False,False,False,False,True,False,False,False,False,False,September,3
537,537,15908,19182,278,0,53,4,5,22,256,False,False,False,False,False,False,True,False,False,False,False,False,False,False,True,False,False,False,False,False,October,2
538,538,15908,19182,278,0,53,4,5,22,256,False,False,False,False,False,False,True,False,False,False,False,False,False,False,True,False,False,False,False,False,Novermber,3
539,539,15908,19182,278,0,53,4,5,22,256,False,False,False,False,False,False,True,False,False,False,False,False,False,False,True,False,False,False,False,False,December,0
540,540,15913,6929,13,0,2,0,5,1,12,False,False,False,False,False,False,True,False,False,False,False,False,False,True,False,False,False,False,False,False,January,0
541,541,15913,6929,13,0,2,0,5,1,12,False,False,False,False,False,False,True,False,False,False,False,False,False,True,False,False,False,False,False,False,February,1
542,542,15913,6929,13,0,2,0,5,1,12,False,False,False,False,False,False,True,False,False,False,False,False,False,True,False,False,False,False,False,False,March,0
543,543,15913,6929,13,0,2,0,5,1,12,False,False,False,False,False,False,True,False,False,False,False,False,False,True,False,False,False,False,False,False,April,0
544,544,15913,6929,13,0,2,0,5,1,12,False,False,False,False,False,False,True,False,False,False,False,False,False,True,False,False,False,False,False,False,May,0
545,545,15913,6929,13,0,2,0,5,1,12,False,False,False,False,False,False,True,False,False,False,False,False,False,True,False,False,False,False,False,False,June,0
546,546,15913,6929,13,0,2,0,5,1,12,False,False,False,False,False,False,True,False,False,False,False,False,False,True,False,False,False,False,False,False,July,0
547,547,15913,6929,13,0,2,0,5,1,12,False,False,False,False,False,False,True,False,False,False,False,False,False,True,False,False,False,False,False,False,August,0
548,548,15913,6929,13,0,2,0,5,1,12,False,False,False,False,False,False,True,False,False,False,False,False,False,True,False,False,False,False,False,False,September,0
549,549,15913,6929,13,0,2,0,5,1,12,False,False,False,False,False,False,True,False,False,False,False,False,False,True,False,False,False,False,False,False,October,0
550,550,15913,6929,13,0,2,0,5,1,12,False,False,False,False,False,False,True,False,False,False,False,False,False,True,False,False,False,False,False,False,Novermber,1
551,551,15913,6929,13,0,2,0,5,1,12,False,False,False,False,False,False,True,False,False,False,False,False,False,True,False,False,False,False,False,False,December,0
552,552,15914,21348,36,0,7,0,5,2,34,False,False,False,False,False,False,True,False,False,False,False,False,False,False,True,False,False,False,False,False,January,3
553,553,15914,21348,36,0,7,0,5,2,34,False,False,False,False,False,False,True,False,False,False,False,False,False,False,True,False,False,False,False,False,February,0
554,554,15914,21348,36,0,7,0,5,2,34,False,False,False,False,False,False,True,False,False,False,False,False,False,False,True,False,False,False,False,False,March,0
555,555,15914,21348,36,0,7,0,5,2,34,False,False,False,False,False,False,True,False,False,False,False,False,False,False,True,False,False,False,False,False,April,0
556,556,15914,21348,36,0,7,0,5,2,34,False,False,False,False,False,False,True,False,False,False,False,False,False,False,True,False,False,False,False,False,May,2
557,557,15914,21348,36,0,7,0,5,2,34,False,False,False,False,False,False,True,False,False,False,False,False,False,False,True,False,False,False,False,False,June,0
558,558,15914,21348,36,0,7,0,5,2,34,False,False,False,False,False,False,True,False,False,False,False,False,False,False,True,False,False,False,False,False,July,0
559,559,15914,21348,36,0,7,0,5,2,34,False,False,False,False,False,False,True,False,False,False,False,False,False,False,True,False,False,False,False,False,August,0
560,560,15914,21348,36,0,7,0,5,2,34,False,False,False,False,False,False,True,False,False,False,False,False,False,False,True,False,False,False,False,False,September,1
561,561,15914,21348,36,0,7,0,5,2,34,False,False,False,False,False,False,True,False,False,False,False,False,False,False,True,False,False,False,False,False,October,0
562,562,15914,21348,36,0,7,0,5,2,34,False,False,False,False,False,False,True,False,False,False,False,False,False,False,True,False,False,False,False,False,Novermber,1
563,563,15914,21348,36,0,7,0,5,2,34,False,False,False,False,False,False,True,False,False,False,False,False,False,False,True,False,False,False,False,False,December,0
564,564,15911,28640,358,0,50,2,5,12,346,False,False,False,False,False,False,True,False,False,False,False,False,False,False,True,False,False,False,False,False,January,23
565,565,15911,28640,358,0,50,2,5,12,346,False,False,False,False,False,False,True,False,False,False,False,False,False,False,True,False,False,False,False,False,February,1
566,566,15911,28640,358,0,50,2,5,12,346,False,False,False,False,False,False,True,False,False,False,False,False,False,False,True,False,False,False,False,False,March,0
567,567,15911,28640,358,0,50,2,5,12,346,False,False,False,False,False,False,True,False,False,False,False,False,False,False,True,False,False,False,False,False,April,2
568,568,15911,28640,358,0,50,2,5,12,346,False,False,False,False,False,False,True,False,False,False,False,False,False,False,True,False,False,False,False,False,May,4
569,569,15911,28640,358,0,50,2,5,12,346,False,False,False,False,False,False,True,False,False,False,False,False,False,False,True,False,False,False,False,False,June,3
570,570,15911,28640,358,0,50,2,5,12,346,False,False,False,False,False,False,True,False,False,False,False,False,False,False,True,False,False,False,False,False,July,0
571,571,15911,28640,358,0,50,2,5,12,346,False,False,False,False,False,False,True,False,False,False,False,False,False,False,True,False,False,False,False,False,August,2
572,572,15911,28640,358,0,50,2,5,12,346,False,False,False,False,False,False,True,False,False,False,False,False,False,False,True,False,False,False,False,False,September,2
573,573,15911,28640,358,0,50,2,5,12,346,False,False,False,False,False,False,True,False,False,False,False,False,False,False,True,False,False,False,False,False,October,6
574,574,15911,28640,358,0,50,2,5,12,346,False,False,False,False,False,False,True,False,False,False,False,False,False,False,True,False,False,False,False,False,Novermber,2
575,575,15911,28640,358,0,50,2,5,12,346,False,False,False,False,False,False,True,False,False,False,False,False,False,False,True,False,False,False,False,False,December,5
576,576,15910,13690,185,0,52,1,5,6,179,False,False,False,False,False,False,True,False,False,False,False,False,False,True,False,False,False,False,False,False,January,10
577,577,15910,13690,185,0,52,1,5,6,179,False,False,False,False,False,False,True,False,False,False,False,False,False,True,False,False,False,False,False,False,February,2
578,578,15910,13690,185,0,52,1,5,6,179,False,False,False,False,False,False,True,False,False,False,False,False,False,True,False,False,False,False,False,False,March,3
579,579,15910,13690,185,0,52,1,5,6,179,False,False,False,False,False,False,True,False,False,False,False,False,False,True,False,False,False,False,False,False,April,7
580,580,15910,13690,185,0,52,1,5,6,179,False,False,False,False,False,False,True,False,False,False,False,False,False,True,False,False,False,False,False,False,May,16
581,581,15910,13690,185,0,52,1,5,6,179,False,False,False,False,False,False,True,False,False,False,False,False,False,True,False,False,False,False,False,False,June,5
582,582,15910,13690,185,0,52,1,5,6,179,False,False,False,False,False,False,True,False,False,False,False,False,False,True,False,False,False,False,False,False,July,-4
583,583,15910,13690,185,0,52,1,5,6,179,False,False,False,False,False,False,True,False,False,False,False,False,False,True,False,False,False,False,False,False,August,0
584,584,15910,13690,185,0,52,1,5,6,179,False,False,False,False,False,False,True,False,False,False,False,False,False,True,False,False,False,False,False,False,September,2
585,585,15910,13690,185,0,52,1,5,6,179,False,False,False,False,False,False,True,False,False,False,False,False,False,True,False,False,False,False,False,False,October,6
586,586,15910,13690,185,0,52,1,5,6,179,False,False,False,False,False,False,True,False,False,False,False,False,False,True,False,False,False,False,False,False,Novermber,2
587,587,15910,13690,185,0,52,1,5,6,179,False,False,False,False,False,False,True,False,False,False,False,False,False,True,False,False,False,False,False,False,December,3
588,588,15387,2308,923,0,54,3,5,17,906,False,False,False,False,False,False,True,False,False,False,False,False,False,False,False,False,False,False,False,False,January,22
589,589,15387,2308,923,0,54,3,5,17,906,False,False,False,False,False,False,True,False,False,False,False,False,False,False,False,False,False,False,False,False,February,10
590,590,15387,2308,923,0,54,3,5,17,906,False,False,False,False,False,False,True,False,False,False,False,False,False,False,False,False,False,False,False,False,March,3
591,591,15387,2308,923,0,54,3,5,17,906,False,False,False,False,False,False,True,False,False,False,False,False,False,False,False,False,False,False,False,False,April,0
592,592,15387,2308,923,0,54,3,5,17,906,False,False,False,False,False,False,True,False,False,False,False,False,False,False,False,False,False,False,False,False,May,2
593,593,15387,2308,923,0,54,3,5,17,906,False,False,False,False,False,False,True,False,False,False,False,False,False,False,False,False,False,False,False,False,June,0
594,594,15387,2308,923,0,54,3,5,17,906,False,False,False,False,False,False,True,False,False,False,False,False,False,False,False,False,False,False,False,False,July,0
595,595,15387,2308,923,0,54,3,5,17,906,False,False,False,False,False,False,True,False,False,False,False,False,False,False,False,False,False,False,False,False,August,2
596,596,15387,2308,923,0,54,3,5,17,906,False,False,False,False,False,False,True,False,False,False,False,False,False,False,False,False,False,False,False,False,September,10
597,597,15387,2308,923,0,54,3,5,17,906,False,False,False,False,False,False,True,False,False,False,False,False,False,False,False,False,False,False,False,False,October,5
598,598,15387,2308,923,0,54,3,5,17,906,False,False,False,False,False,False,True,False,False,False,False,False,False,False,False,False,False,False,False,False,Novermber,0
599,599,15387,2308,923,0,54,3,5,17,906,False,False,False,False,False,False,True,False,False,False,False,False,False,False,False,False,False,False,False,False,December,0
600,600,15909,15170,205,0,10,1,5,3,202,False,False,False,False,False,False,True,False,False,False,False,False,False,False,False,True,False,False,False,False,January,1
601,601,15909,15170,205,0,10,1,5,3,202,False,False,False,False,False,False,True,False,False,False,False,False,False,False,False,True,False,False,False,False,February,4
602,602,15909,15170,205,0,10,1,5,3,202,False,False,False,False,False,False,True,False,False,False,False,False,False,False,False,True,False,False,False,False,March,0
603,603,15909,15170,205,0,10,1,5,3,202,False,False,False,False,False,False,True,False,False,False,False,False,False,False,False,True,False,False,False,False,April,0
604,604,15909,15170,205,0,10,1,5,3,202,False,False,False,False,False,False,True,False,False,False,False,False,False,False,False,True,False,False,False,False,May,1
605,605,15909,15170,205,0,10,1,5,3,202,False,False,False,False,False,False,True,False,False,False,False,False,False,False,False,True,False,False,False,False,June,1
606,606,15909,15170,205,0,10,1,5,3,202,False,False,False,False,False,False,True,False,False,False,False,False,False,False,False,True,False,False,False,False,July,0
607,607,15909,15170,205,0,10,1,5,3,202,False,False,False,False,False,False,True,False,False,False,False,False,False,False,False,True,False,False,False,False,August,0
608,608,15909,15170,205,0,10,1,5,3,202,False,False,False,False,False,False,True,False,False,False,False,False,False,False,False,True,False,False,False,False,September,2
609,609,15909,15170,205,0,10,1,5,3,202,False,False,False,False,False,False,True,False,False,False,False,False,False,False,False,True,False,False,False,False,October,1
610,610,15909,15170,205,0,10,1,5,3,202,False,False,False,False,False,False,True,False,False,False,False,False,False,False,False,True,False,False,False,False,Novermber,0
611,611,15909,15170,205,0,10,1,5,3,202,False,False,False,False,False,False,True,False,False,False,False,False,False,False,False,True,False,False,False,False,December,0
612,612,15386,2215,886,0,78,2,5,12,874,False,False,False,False,False,False,True,False,False,False,False,False,False,False,False,False,False,False,False,False,January,33
613,613,15386,2215,886,0,78,2,5,12,874,False,False,False,False,False,False,True,False,False,False,False,False,False,False,False,False,False,False,False,False,February,10
614,614,15386,2215,886,0,78,2,5,12,874,False,False,False,False,False,False,True,False,False,False,False,False,False,False,False,False,False,False,False,False,March,6
615,615,15386,2215,886,0,78,2,5,12,874,False,False,False,False,False,False,True,False,False,False,False,False,False,False,False,False,False,False,False,False,April,0
616,616,15386,2215,886,0,78,2,5,12,874,False,False,False,False,False,False,True,False,False,False,False,False,False,False,False,False,False,False,False,False,May,5
617,617,15386,2215,886,0,78,2,5,12,874,False,False,False,False,False,False,True,False,False,False,False,False,False,False,False,False,False,False,False,False,June,12
618,618,15386,2215,886,0,78,2,5,12,874,False,False,False,False,False,False,True,False,False,False,False,False,False,False,False,False,False,False,False,False,July,0
619,619,15386,2215,886,0,78,2,5,12,874,False,False,False,False,False,False,True,False,False,False,False,False,False,False,False,False,False,False,False,False,August,0
620,620,15386,2215,886,0,78,2,5,12,874,False,False,False,False,False,False,True,False,False,False,False,False,False,False,False,False,False,False,False,False,September,4
621,621,15386,2215,886,0,78,2,5,12,874,False,False,False,False,False,False,True,False,False,False,False,False,False,False,False,False,False,False,False,False,October,0
622,622,15386,2215,886,0,78,2,5,12,874,False,False,False,False,False,False,True,False,False,False,False,False,False,False,False,False,False,False,False,False,Novermber,8
623,623,15386,2215,886,0,78,2,5,12,874,False,False,False,False,False,False,True,False,False,False,False,False,False,False,False,False,False,False,False,False,December,0
624,624,15912,10660,20,0,15,0,5,0,20,False,False,False,False,False,False,True,False,False,False,False,False,False,False,False,True,False,False,False,False,January,0
625,625,15912,10660,20,0,15,0,5,0,20,False,False,False,False,False,False,True,False,False,False,False,False,False,False,False,True,False,False,False,False,February,1
626,626,15912,10660,20,0,15,0,5,0,20,False,False,False,False,False,False,True,False,False,False,False,False,False,False,False,True,False,False,False,False,March,0
627,627,15912,10660,20,0,15,0,5,0,20,False,False,False,False,False,False,True,False,False,False,False,False,False,False,False,True,False,False,False,False,April,0
628,628,15912,10660,20,0,15,0,5,0,20,False,False,False,False,False,False,True,False,False,False,False,False,False,False,False,True,False,False,False,False,May,0
629,629,15912,10660,20,0,15,0,5,0,20,False,False,False,False,False,False,True,False,False,False,False,False,False,False,False,True,False,False,False,False,June,14
630,630,15912,10660,20,0,15,0,5,0,20,False,False,False,False,False,False,True,False,False,False,False,False,False,False,False,True,False,False,False,False,July,0
631,631,15912,10660,20,0,15,0,5,0,20,False,False,False,False,False,False,True,False,False,False,False,False,False,False,False,True,False,False,False,False,August,0
632,632,15912,10660,20,0,15,0,5,0,20,False,False,False,False,False,False,True,False,False,False,False,False,False,False,False,True,False,False,False,False,September,0
633,633,15912,10660,20,0,15,0,5,0,20,False,False,False,False,False,False,True,False,False,False,False,False,False,False,False,True,False,False,False,False,October,0
634,634,15912,10660,20,0,15,0,5,0,20,False,False,False,False,False,False,True,False,False,False,False,False,False,False,False,True,False,False,False,False,Novermber,0
635,635,15912,10660,20,0,15,0,5,0,20,False,False,False,False,False,False,True,False,False,False,False,False,False,False,False,True,False,False,False,False,December,0
636,636,15917,8119,23,0,1,0,5,0,23,False,False,False,False,False,False,True,False,False,False,False,False,False,False,False,True,False,False,False,False,January,0
637,637,15917,8119,23,0,1,0,5,0,23,False,False,False,False,False,False,True,False,False,False,False,False,False,False,False,True,False,False,False,False,February,0
638,638,15917,8119,23,0,1,0,5,0,23,False,False,False,False,False,False,True,False,False,False,False,False,False,False,False,True,False,False,False,False,March,1
639,639,15917,8119,23,0,1,0,5,0,23,False,False,False,False,False,False,True,False,False,False,False,False,False,False,False,True,False,False,False,False,April,0
640,640,15917,8119,23,0,1,0,5,0,23,False,False,False,False,False,False,True,False,False,False,False,False,False,False,False,True,False,False,False,False,May,0
641,641,15917,8119,23,0,1,0,5,0,23,False,False,False,False,False,False,True,False,False,False,False,False,False,False,False,True,False,False,False,False,June,0
642,642,15917,8119,23,0,1,0,5,0,23,False,False,False,False,False,False,True,False,False,False,False,False,False,False,False,True,False,False,False,False,July,0
643,643,15917,8119,23,0,1,0,5,0,23,False,False,False,False,False,False,True,False,False,False,False,False,False,False,False,True,False,False,False,False,August,0
644,644,15917,8119,23,0,1,0,5,0,23,False,False,False,False,False,False,True,False,False,False,False,False,False,False,False,True,False,False,False,False,September,0
645,645,15917,8119,23,0,1,0,5,0,23,False,False,False,False,False,False,True,False,False,False,False,False,False,False,False,True,False,False,False,False,October,0
646,646,15917,8119,23,0,1,0,5,0,23,False,False,False,False,False,False,True,False,False,False,False,False,False,False,False,True,False,False,False,False,Novermber,0
647,647,15917,8119,23,0,1,0,5,0,23,False,False,False,False,False,False,True,False,False,False,False,False,False,False,False,True,False,False,False,False,December,0
648,648,15027,6450,215,2000,1948,205,6,1232,983,False,False,False,False,False,False,False,True,False,False,False,False,False,False,False,True,False,False,False,False,January,220
649,649,15027,6450,215,2000,1948,205,6,1232,983,False,False,False,False,False,False,False,True,False,False,False,False,False,False,False,True,False,False,False,False,February,201
650,650,15027,6450,215,2000,1948,205,6,1232,983,False,False,False,False,False,False,False,True,False,False,False,False,False,False,False,True,False,False,False,False,March,79
651,651,15027,6450,215,2000,1948,205,6,1232,983,False,False,False,False,False,False,False,True,False,False,False,False,False,False,False,True,False,False,False,False,April,0
652,652,15027,6450,215,2000,1948,205,6,1232,983,False,False,False,False,False,False,False,True,False,False,False,False,False,False,False,True,False,False,False,False,May,156
653,653,15027,6450,215,2000,1948,205,6,1232,983,False,False,False,False,False,False,False,True,False,False,False,False,False,False,False,True,False,False,False,False,June,183
654,654,15027,6450,215,2000,1948,205,6,1232,983,False,False,False,False,False,False,False,True,False,False,False,False,False,False,False,True,False,False,False,False,July,485
655,655,15027,6450,215,2000,1948,205,6,1232,983,False,False,False,False,False,False,False,True,False,False,False,False,False,False,False,True,False,False,False,False,August,62
656,656,15027,6450,215,2000,1948,205,6,1232,983,False,False,False,False,False,False,False,True,False,False,False,False,False,False,False,True,False,False,False,False,September,217
657,657,15027,6450,215,2000,1948,205,6,1232,983,False,False,False,False,False,False,False,True,False,False,False,False,False,False,False,True,False,False,False,False,October,18
658,658,15027,6450,215,2000,1948,205,6,1232,983,False,False,False,False,False,False,False,True,False,False,False,False,False,False,False,True,False,False,False,False,Novermber,245
659,659,15027,6450,215,2000,1948,205,6,1232,983,False,False,False,False,False,False,False,True,False,False,False,False,False,False,False,True,False,False,False,False,December,82
660,660,150277,4110,137,300,263,36,5,182,255,False,False,False,False,False,False,False,True,False,False,False,False,False,False,False,False,False,True,False,False,January,9
661,661,150277,4110,137,300,263,36,5,182,255,False,False,False,False,False,False,False,True,False,False,False,False,False,False,False,False,False,True,False,False,February,6
662,662,150277,4110,137,300,263,36,5,182,255,False,False,False,False,False,False,False,True,False,False,False,False,False,False,False,False,False,True,False,False,March,25
663,663,150277,4110,137,300,263,36,5,182,255,False,False,False,False,False,False,False,True,False,False,False,False,False,False,False,False,False,True,False,False,April,5
664,664,150277,4110,137,300,263,36,5,182,255,False,False,False,False,False,False,False,True,False,False,False,False,False,False,False,False,False,True,False,False,May,2
665,665,150277,4110,137,300,263,36,5,182,255,False,False,False,False,False,False,False,True,False,False,False,False,False,False,False,False,False,True,False,False,June,3
666,666,150277,4110,137,300,263,36,5,182,255,False,False,False,False,False,False,False,True,False,False,False,False,False,False,False,False,False,True,False,False,July,49
667,667,150277,4110,137,300,263,36,5,182,255,False,False,False,False,False,False,False,True,False,False,False,False,False,False,False,False,False,True,False,False,August,69
668,668,150277,4110,137,300,263,36,5,182,255,False,False,False,False,False,False,False,True,False,False,False,False,False,False,False,False,False,True,False,False,September,33
669,669,150277,4110,137,300,263,36,5,182,255,False,False,False,False,False,False,False,True,False,False,False,False,False,False,False,False,False,True,False,False,October,22
670,670,150277,4110,137,300,263,36,5,182,255,False,False,False,False,False,False,False,True,False,False,False,False,False,False,False,False,False,True,False,False,Novermber,9
671,671,150277,4110,137,300,263,36,5,182,255,False,False,False,False,False,False,False,True,False,False,False,False,False,False,False,False,False,True,False,False,December,31
672,672,15028,30229,117,400,1265,51,6,308,209,False,False,False,False,False,False,False,False,True,False,False,False,False,False,False,False,False,False,False,True,January,232
673,673,15028,30229,117,400,1265,51,6,308,209,False,False,False,False,False,False,False,False,True,False,False,False,False,False,False,False,False,False,False,True,February,82
674,674,15028,30229,117,400,1265,51,6,308,209,False,False,False,False,False,False,False,False,True,False,False,False,False,False,False,False,False,False,False,True,March,127
675,675,15028,30229,117,400,1265,51,6,308,209,False,False,False,False,False,False,False,False,True,False,False,False,False,False,False,False,False,False,False,True,April,215
676,676,15028,30229,117,400,1265,51,6,308,209,False,False,False,False,False,False,False,False,True,False,False,False,False,False,False,False,False,False,False,True,May,185
677,677,15028,30229,117,400,1265,51,6,308,209,False,False,False,False,False,False,False,False,True,False,False,False,False,False,False,False,False,False,False,True,June,60
678,678,15028,30229,117,400,1265,51,6,308,209,False,False,False,False,False,False,False,False,True,False,False,False,False,False,False,False,False,False,False,True,July,73
679,679,15028,30229,117,400,1265,51,6,308,209,False,False,False,False,False,False,False,False,True,False,False,False,False,False,False,False,False,False,False,True,August,49
680,680,15028,30229,117,400,1265,51,6,308,209,False,False,False,False,False,False,False,False,True,False,False,False,False,False,False,False,False,False,False,True,September,119
681,681,15028,30229,117,400,1265,51,6,308,209,False,False,False,False,False,False,False,False,True,False,False,False,False,False,False,False,False,False,False,True,October,7
682,682,15028,30229,117,400,1265,51,6,308,209,False,False,False,False,False,False,False,False,True,False,False,False,False,False,False,False,False,False,False,True,Novermber,9
683,683,15028,30229,117,400,1265,51,6,308,209,False,False,False,False,False,False,False,False,True,False,False,False,False,False,False,False,False,False,False,True,December,107
684,684,150288,3404,92,300,129,7,5,37,355,False,False,False,False,False,False,False,False,True,False,False,False,False,False,False,False,False,True,False,False,January,20
685,685,150288,3404,92,300,129,7,5,37,355,False,False,False,False,False,False,False,False,True,False,False,False,False,False,False,False,False,True,False,False,February,49
686,686,150288,3404,92,300,129,7,5,37,355,False,False,False,False,False,False,False,False,True,False,False,False,False,False,False,False,False,True,False,False,March,0
687,687,150288,3404,92,300,129,7,5,37,355,False,False,False,False,False,False,False,False,True,False,False,False,False,False,False,False,False,True,False,False,April,0
688,688,150288,3404,92,300,129,7,5,37,355,False,False,False,False,False,False,False,False,True,False,False,False,False,False,False,False,False,True,False,False,May,8
689,689,150288,3404,92,300,129,7,5,37,355,False,False,False,False,False,False,False,False,True,False,False,False,False,False,False,False,False,True,False,False,June,9
690,690,150288,3404,92,300,129,7,5,37,355,False,False,False,False,False,False,False,False,True,False,False,False,False,False,False,False,False,True,False,False,July,1
691,691,150288,3404,92,300,129,7,5,37,355,False,False,False,False,False,False,False,False,True,False,False,False,False,False,False,False,False,True,False,False,August,26
692,692,150288,3404,92,300,129,7,5,37,355,False,False,False,False,False,False,False,False,True,False,False,False,False,False,False,False,False,True,False,False,September,15
693,693,150288,3404,92,300,129,7,5,37,355,False,False,False,False,False,False,False,False,True,False,False,False,False,False,False,False,False,True,False,False,October,-5
694,694,150288,3404,92,300,129,7,5,37,355,False,False,False,False,False,False,False,False,True,False,False,False,False,False,False,False,False,True,False,False,Novermber,0
695,695,150288,3404,92,300,129,7,5,37,355,False,False,False,False,False,False,False,False,True,False,False,False,False,False,False,False,False,True,False,False,December,6
696,696,15007,-42,-2,1000,1426,122,6,734,190,False,False,False,False,False,False,False,False,False,False,True,False,False,False,False,True,False,False,False,False,January,155
697,697,15007,-42,-2,1000,1426,122,6,734,190,False,False,False,False,False,False,False,False,False,False,True,False,False,False,False,True,False,False,False,False,February,202
698,698,15007,-42,-2,1000,1426,122,6,734,190,False,False,False,False,False,False,False,False,False,False,True,False,False,False,False,True,False,False,False,False,March,161
699,699,15007,-42,-2,1000,1426,122,6,734,190,False,False,False,False,False,False,False,False,False,False,True,False,False,False,False,True,False,False,False,False,April,-9
700,700,15007,-42,-2,1000,1426,122,6,734,190,False,False,False,False,False,False,False,False,False,False,True,False,False,False,False,True,False,False,False,False,May,68
701,701,15007,-42,-2,1000,1426,122,6,734,190,False,False,False,False,False,False,False,False,False,False,True,False,False,False,False,True,False,False,False,False,June,85
702,702,15007,-42,-2,1000,1426,122,6,734,190,False,False,False,False,False,False,False,False,False,False,True,False,False,False,False,True,False,False,False,False,July,222
703,703,15007,-42,-2,1000,1426,122,6,734,190,False,False,False,False,False,False,False,False,False,False,True,False,False,False,False,True,False,False,False,False,August,77
704,704,15007,-42,-2,1000,1426,122,6,734,190,False,False,False,False,False,False,False,False,False,False,True,False,False,False,False,True,False,False,False,False,September,212
705,705,15007,-42,-2,1000,1426,122,6,734,190,False,False,False,False,False,False,False,False,False,False,True,False,False,False,False,True,False,False,False,False,October,55
706,706,15007,-42,-2,1000,1426,122,6,734,190,False,False,False,False,False,False,False,False,False,False,True,False,False,False,False,True,False,False,False,False,Novermber,46
707,707,15007,-42,-2,1000,1426,122,6,734,190,False,False,False,False,False,False,False,False,False,False,True,False,False,False,False,True,False,False,False,False,December,152
708,708,15008,6263,189,150,381,27,5,137,202,False,False,False,False,False,False,False,False,False,False,True,False,False,False,False,False,False,False,False,True,January,63
709,709,15008,6263,189,150,381,27,5,137,202,False,False,False,False,False,False,False,False,False,False,True,False,False,False,False,False,False,False,False,True,February,86
710,710,15008,6263,189,150,381,27,5,137,202,False,False,False,False,False,False,False,False,False,False,True,False,False,False,False,False,False,False,False,True,March,56
711,711,15008,6263,189,150,381,27,5,137,202,False,False,False,False,False,False,False,False,False,False,True,False,False,False,False,False,False,False,False,True,April,0
712,712,15008,6263,189,150,381,27,5,137,202,False,False,False,False,False,False,False,False,False,False,True,False,False,False,False,False,False,False,False,True,May,7
713,713,15008,6263,189,150,381,27,5,137,202,False,False,False,False,False,False,False,False,False,False,True,False,False,False,False,False,False,False,False,True,June,3
714,714,15008,6263,189,150,381,27,5,137,202,False,False,False,False,False,False,False,False,False,False,True,False,False,False,False,False,False,False,False,True,July,25
715,715,15008,6263,189,150,381,27,5,137,202,False,False,False,False,False,False,False,False,False,False,True,False,False,False,False,False,False,False,False,True,August,22
716,716,15008,6263,189,150,381,27,5,137,202,False,False,False,False,False,False,False,False,False,False,True,False,False,False,False,False,False,False,False,True,September,60
717,717,15008,6263,189,150,381,27,5,137,202,False,False,False,False,False,False,False,False,False,False,True,False,False,False,False,False,False,False,False,True,October,6
718,718,15008,6263,189,150,381,27,5,137,202,False,False,False,False,False,False,False,False,False,False,True,False,False,False,False,False,False,False,False,True,Novermber,24
719,719,15008,6263,189,150,381,27,5,137,202,False,False,False,False,False,False,False,False,False,False,True,False,False,False,False,False,False,False,False,True,December,29
720,720,150077,1890,90,450,337,42,5,212,328,False,False,False,False,False,False,False,False,False,False,True,False,False,False,False,False,False,True,False,False,January,14
721,721,150077,1890,90,450,337,42,5,212,328,False,False,False,False,False,False,False,False,False,False,True,False,False,False,False,False,False,True,False,False,February,17
722,722,150077,1890,90,450,337,42,5,212,328,False,False,False,False,False,False,False,False,False,False,True,False,False,False,False,False,False,True,False,False,March,43
723,723,150077,1890,90,450,337,42,5,212,328,False,False,False,False,False,False,False,False,False,False,True,False,False,False,False,False,False,True,False,False,April,0
724,724,150077,1890,90,450,337,42,5,212,328,False,False,False,False,False,False,False,False,False,False,True,False,False,False,False,False,False,True,False,False,May,26
725,725,150077,1890,90,450,337,42,5,212,328,False,False,False,False,False,False,False,False,False,False,True,False,False,False,False,False,False,True,False,False,June,2
726,726,150077,1890,90,450,337,42,5,212,328,False,False,False,False,False,False,False,False,False,False,True,False,False,False,False,False,False,True,False,False,July,24
727,727,150077,1890,90,450,337,42,5,212,328,False,False,False,False,False,False,False,False,False,False,True,False,False,False,False,False,False,True,False,False,August,77
728,728,150077,1890,90,450,337,42,5,212,328,False,False,False,False,False,False,False,False,False,False,True,False,False,False,False,False,False,True,False,False,September,32
729,729,150077,1890,90,450,337,42,5,212,328,False,False,False,False,False,False,False,False,False,False,True,False,False,False,False,False,False,True,False,False,October,43
730,730,150077,1890,90,450,337,42,5,212,328,False,False,False,False,False,False,False,False,False,False,True,False,False,False,False,False,False,True,False,False,Novermber,36
731,731,150077,1890,90,450,337,42,5,212,328,False,False,False,False,False,False,False,False,False,False,True,False,False,False,False,False,False,True,False,False,December,23
732,732,150088,7191,217,0,145,9,5,47,170,False,False,False,False,False,False,False,False,False,False,True,False,False,True,False,False,False,False,False,False,January,1
733,733,150088,7191,217,0,145,9,5,47,170,False,False,False,False,False,False,False,False,False,False,True,False,False,True,False,False,False,False,False,False,February,44
734,734,150088,7191,217,0,145,9,5,47,170,False,False,False,False,False,False,False,False,False,False,True,False,False,True,False,False,False,False,False,False,March,2
735,735,150088,7191,217,0,145,9,5,47,170,False,False,False,False,False,False,False,False,False,False,True,False,False,True,False,False,False,False,False,False,April,27
736,736,150088,7191,217,0,145,9,5,47,170,False,False,False,False,False,False,False,False,False,False,True,False,False,True,False,False,False,False,False,False,May,6
737,737,150088,7191,217,0,145,9,5,47,170,False,False,False,False,False,False,False,False,False,False,True,False,False,True,False,False,False,False,False,False,June,0
738,738,150088,7191,217,0,145,9,5,47,170,False,False,False,False,False,False,False,False,False,False,True,False,False,True,False,False,False,False,False,False,July,22
739,739,150088,7191,217,0,145,9,5,47,170,False,False,False,False,False,False,False,False,False,False,True,False,False,True,False,False,False,False,False,False,August,10
740,740,150088,7191,217,0,145,9,5,47,170,False,False,False,False,False,False,False,False,False,False,True,False,False,True,False,False,False,False,False,False,September,14
741,741,150088,7191,217,0,145,9,5,47,170,False,False,False,False,False,False,False,False,False,False,True,False,False,True,False,False,False,False,False,False,October,0
742,742,150088,7191,217,0,145,9,5,47,170,False,False,False,False,False,False,False,False,False,False,True,False,False,True,False,False,False,False,False,False,Novermber,1
743,743,150088,7191,217,0,145,9,5,47,170,False,False,False,False,False,False,False,False,False,False,True,False,False,True,False,False,False,False,False,False,December,18
744,744,150099,2734,63,0,64,3,5,13,50,False,False,False,False,False,False,False,False,False,False,True,False,False,False,False,False,False,True,False,False,January,24
745,745,150099,2734,63,0,64,3,5,13,50,False,False,False,False,False,False,False,False,False,False,True,False,False,False,False,False,False,True,False,False,February,-4
746,746,150099,2734,63,0,64,3,5,13,50,False,False,False,False,False,False,False,False,False,False,True,False,False,False,False,False,False,True,False,False,March,0
747,747,150099,2734,63,0,64,3,5,13,50,False,False,False,False,False,False,False,False,False,False,True,False,False,False,False,False,False,True,False,False,April,0
748,748,150099,2734,63,0,64,3,5,13,50,False,False,False,False,False,False,False,False,False,False,True,False,False,False,False,False,False,True,False,False,May,2
749,749,150099,2734,63,0,64,3,5,13,50,False,False,False,False,False,False,False,False,False,False,True,False,False,False,False,False,False,True,False,False,June,27
750,750,150099,2734,63,0,64,3,5,13,50,False,False,False,False,False,False,False,False,False,False,True,False,False,False,False,False,False,True,False,False,July,11
751,751,150099,2734,63,0,64,3,5,13,50,False,False,False,False,False,False,False,False,False,False,True,False,False,False,False,False,False,True,False,False,August,0
752,752,150099,2734,63,0,64,3,5,13,50,False,False,False,False,False,False,False,False,False,False,True,False,False,False,False,False,False,True,False,False,September,1
753,753,150099,2734,63,0,64,3,5,13,50,False,False,False,False,False,False,False,False,False,False,True,False,False,False,False,False,False,True,False,False,October,1
754,754,150099,2734,63,0,64,3,5,13,50,False,False,False,False,False,False,False,False,False,False,True,False,False,False,False,False,False,True,False,False,Novermber,0
755,755,150099,2734,63,0,64,3,5,13,50,False,False,False,False,False,False,False,False,False,False,True,False,False,False,False,False,False,True,False,False,December,2
756,756,15009,29816,687,0,197,18,5,89,598,False,False,False,False,False,False,False,False,False,False,True,False,False,False,False,False,False,False,False,True,January,21
757,757,15009,29816,687,0,197,18,5,89,598,False,False,False,False,False,False,False,False,False,False,True,False,False,False,False,False,False,False,False,True,February,10
758,758,15009,29816,687,0,197,18,5,89,598,False,False,False,False,False,False,False,False,False,False,True,False,False,False,False,False,False,False,False,True,March,32
759,759,15009,29816,687,0,197,18,5,89,598,False,False,False,False,False,False,False,False,False,False,True,False,False,False,False,False,False,False,False,True,April,10
760,760,15009,29816,687,0,197,18,5,89,598,False,False,False,False,False,False,False,False,False,False,True,False,False,False,False,False,False,False,False,True,May,7
761,761,15009,29816,687,0,197,18,5,89,598,False,False,False,False,False,False,False,False,False,False,True,False,False,False,False,False,False,False,False,True,June,9
762,762,15009,29816,687,0,197,18,5,89,598,False,False,False,False,False,False,False,False,False,False,True,False,False,False,False,False,False,False,False,True,July,19
763,763,15009,29816,687,0,197,18,5,89,598,False,False,False,False,False,False,False,False,False,False,True,False,False,False,False,False,False,False,False,True,August,17
764,764,15009,29816,687,0,197,18,5,89,598,False,False,False,False,False,False,False,False,False,False,True,False,False,False,False,False,False,False,False,True,September,12
765,765,15009,29816,687,0,197,18,5,89,598,False,False,False,False,False,False,False,False,False,False,True,False,False,False,False,False,False,False,False,True,October,9
766,766,15009,29816,687,0,197,18,5,89,598,False,False,False,False,False,False,False,False,False,False,True,False,False,False,False,False,False,False,False,True,Novermber,32
767,767,15009,29816,687,0,197,18,5,89,598,False,False,False,False,False,False,False,False,False,False,True,False,False,False,False,False,False,False,False,True,December,19
768,768,15061,28,1,900,919,70,5,351,438,False,False,False,False,False,False,False,False,False,False,False,True,False,False,False,False,False,False,False,True,January,119
769,769,15061,28,1,900,919,70,5,351,438,False,False,False,False,False,False,False,False,False,False,False,True,False,False,False,False,False,False,False,True,February,82
770,770,15061,28,1,900,919,70,5,351,438,False,False,False,False,False,False,False,False,False,False,False,True,False,False,False,False,False,False,False,True,March,68
771,771,15061,28,1,900,919,70,5,351,438,False,False,False,False,False,False,False,False,False,False,False,True,False,False,False,False,False,False,False,True,April,21
772,772,15061,28,1,900,919,70,5,351,438,False,False,False,False,False,False,False,False,False,False,False,True,False,False,False,False,False,False,False,True,May,97
773,773,15061,28,1,900,919,70,5,351,438,False,False,False,False,False,False,False,False,False,False,False,True,False,False,False,False,False,False,False,True,June,125
774,774,15061,28,1,900,919,70,5,351,438,False,False,False,False,False,False,False,False,False,False,False,True,False,False,False,False,False,False,False,True,July,121
775,775,15061,28,1,900,919,70,5,351,438,False,False,False,False,False,False,False,False,False,False,False,True,False,False,False,False,False,False,False,True,August,62
776,776,15061,28,1,900,919,70,5,351,438,False,False,False,False,False,False,False,False,False,False,False,True,False,False,False,False,False,False,False,True,September,39
777,777,15061,28,1,900,919,70,5,351,438,False,False,False,False,False,False,False,False,False,False,False,True,False,False,False,False,False,False,False,True,October,10
778,778,15061,28,1,900,919,70,5,351,438,False,False,False,False,False,False,False,False,False,False,False,True,False,False,False,False,False,False,False,True,Novermber,119
779,779,15061,28,1,900,919,70,5,351,438,False,False,False,False,False,False,False,False,False,False,False,True,False,False,False,False,False,False,False,True,December,56
780,780,15062,1876,67,200,268,23,5,115,152,False,False,False,False,False,False,False,False,False,False,False,True,False,False,False,False,False,False,False,True,January,27
781,781,15062,1876,67,200,268,23,5,115,152,False,False,False,False,False,False,False,False,False,False,False,True,False,False,False,False,False,False,False,True,February,10
782,782,15062,1876,67,200,268,23,5,115,152,False,False,False,False,False,False,False,False,False,False,False,True,False,False,False,False,False,False,False,True,March,13
783,783,15062,1876,67,200,268,23,5,115,152,False,False,False,False,False,False,False,False,False,False,False,True,False,False,False,False,False,False,False,True,April,18
784,784,15062,1876,67,200,268,23,5,115,152,False,False,False,False,False,False,False,False,False,False,False,True,False,False,False,False,False,False,False,True,May,38
785,785,15062,1876,67,200,268,23,5,115,152,False,False,False,False,False,False,False,False,False,False,False,True,False,False,False,False,False,False,False,True,June,33
786,786,15062,1876,67,200,268,23,5,115,152,False,False,False,False,False,False,False,False,False,False,False,True,False,False,False,False,False,False,False,True,July,44
787,787,15062,1876,67,200,268,23,5,115,152,False,False,False,False,False,False,False,False,False,False,False,True,False,False,False,False,False,False,False,True,August,3
788,788,15062,1876,67,200,268,23,5,115,152,False,False,False,False,False,False,False,False,False,False,False,True,False,False,False,False,False,False,False,True,September,8
789,789,15062,1876,67,200,268,23,5,115,152,False,False,False,False,False,False,False,False,False,False,False,True,False,False,False,False,False,False,False,True,October,36
790,790,15062,1876,67,200,268,23,5,115,152,False,False,False,False,False,False,False,False,False,False,False,True,False,False,False,False,False,False,False,True,Novermber,24
791,791,15062,1876,67,200,268,23,5,115,152,False,False,False,False,False,False,False,False,False,False,False,True,False,False,False,False,False,False,False,True,December,14
792,792,15060,224,8,800,732,63,5,313,473,False,False,False,False,False,False,False,False,False,False,False,True,False,False,False,False,False,False,False,True,January,28
793,793,15060,224,8,800,732,63,5,313,473,False,False,False,False,False,False,False,False,False,False,False,True,False,False,False,False,False,False,False,True,February,20
794,794,15060,224,8,800,732,63,5,313,473,False,False,False,False,False,False,False,False,False,False,False,True,False,False,False,False,False,False,False,True,March,53
795,795,15060,224,8,800,732,63,5,313,473,False,False,False,False,False,False,False,False,False,False,False,True,False,False,False,False,False,False,False,True,April,68
796,796,15060,224,8,800,732,63,5,313,473,False,False,False,False,False,False,False,False,False,False,False,True,False,False,False,False,False,False,False,True,May,75
797,797,15060,224,8,800,732,63,5,313,473,False,False,False,False,False,False,False,False,False,False,False,True,False,False,False,False,False,False,False,True,June,113
798,798,15060,224,8,800,732,63,5,313,473,False,False,False,False,False,False,False,False,False,False,False,True,False,False,False,False,False,False,False,True,July,137
799,799,15060,224,8,800,732,63,5,313,473,False,False,False,False,False,False,False,False,False,False,False,True,False,False,False,False,False,False,False,True,August,20
800,800,15060,224,8,800,732,63,5,313,473,False,False,False,False,False,False,False,False,False,False,False,True,False,False,False,False,False,False,False,True,September,70
801,801,15060,224,8,800,732,63,5,313,473,False,False,False,False,False,False,False,False,False,False,False,True,False,False,False,False,False,False,False,True,October,21
802,802,15060,224,8,800,732,63,5,313,473,False,False,False,False,False,False,False,False,False,False,False,True,False,False,False,False,False,False,False,True,Novermber,65
803,803,15060,224,8,800,732,63,5,313,473,False,False,False,False,False,False,False,False,False,False,False,True,False,False,False,False,False,False,False,True,December,62
804,804,150611,3304,118,0,193,8,5,38,80,False,False,False,False,False,False,False,False,False,False,False,True,False,True,False,False,False,False,False,False,January,2
805,805,150611,3304,118,0,193,8,5,38,80,False,False,False,False,False,False,False,False,False,False,False,True,False,True,False,False,False,False,False,False,February,27
806,806,150611,3304,118,0,193,8,5,38,80,False,False,False,False,False,False,False,False,False,False,False,True,False,True,False,False,False,False,False,False,March,34
807,807,150611,3304,118,0,193,8,5,38,80,False,False,False,False,False,False,False,False,False,False,False,True,False,True,False,False,False,False,False,False,April,-7
808,808,150611,3304,118,0,193,8,5,38,80,False,False,False,False,False,False,False,False,False,False,False,True,False,True,False,False,False,False,False,False,May,40
809,809,150611,3304,118,0,193,8,5,38,80,False,False,False,False,False,False,False,False,False,False,False,True,False,True,False,False,False,False,False,False,June,27
810,810,150611,3304,118,0,193,8,5,38,80,False,False,False,False,False,False,False,False,False,False,False,True,False,True,False,False,False,False,False,False,July,34
811,811,150611,3304,118,0,193,8,5,38,80,False,False,False,False,False,False,False,False,False,False,False,True,False,True,False,False,False,False,False,False,August,-1
812,812,150611,3304,118,0,193,8,5,38,80,False,False,False,False,False,False,False,False,False,False,False,True,False,True,False,False,False,False,False,False,September,0
813,813,150611,3304,118,0,193,8,5,38,80,False,False,False,False,False,False,False,False,False,False,False,True,False,True,False,False,False,False,False,False,October,0
814,814,150611,3304,118,0,193,8,5,38,80,False,False,False,False,False,False,False,False,False,False,False,True,False,True,False,False,False,False,False,False,Novermber,5
815,815,150611,3304,118,0,193,8,5,38,80,False,False,False,False,False,False,False,False,False,False,False,True,False,True,False,False,False,False,False,False,December,32
816,816,150622,112,4,100,67,6,5,30,74,False,False,False,False,False,False,False,False,False,False,False,True,False,True,False,False,False,False,False,False,January,4
817,817,150622,112,4,100,67,6,5,30,74,False,False,False,False,False,False,False,False,False,False,False,True,False,True,False,False,False,False,False,False,February,0
818,818,150622,112,4,100,67,6,5,30,74,False,False,False,False,False,False,False,False,False,False,False,True,False,True,False,False,False,False,False,False,March,1
819,819,150622,112,4,100,67,6,5,30,74,False,False,False,False,False,False,False,False,False,False,False,True,False,True,False,False,False,False,False,False,April,26
820,820,150622,112,4,100,67,6,5,30,74,False,False,False,False,False,False,False,False,False,False,False,True,False,True,False,False,False,False,False,False,May,6
821,821,150622,112,4,100,67,6,5,30,74,False,False,False,False,False,False,False,False,False,False,False,True,False,True,False,False,False,False,False,False,June,0
822,822,150622,112,4,100,67,6,5,30,74,False,False,False,False,False,False,False,False,False,False,False,True,False,True,False,False,False,False,False,False,July,0
823,823,150622,112,4,100,67,6,5,30,74,False,False,False,False,False,False,False,False,False,False,False,True,False,True,False,False,False,False,False,False,August,23
824,824,150622,112,4,100,67,6,5,30,74,False,False,False,False,False,False,False,False,False,False,False,True,False,True,False,False,False,False,False,False,September,7
825,825,150622,112,4,100,67,6,5,30,74,False,False,False,False,False,False,False,False,False,False,False,True,False,True,False,False,False,False,False,False,October,0
826,826,150622,112,4,100,67,6,5,30,74,False,False,False,False,False,False,False,False,False,False,False,True,False,True,False,False,False,False,False,False,Novermber,0
827,827,150622,112,4,100,67,6,5,30,74,False,False,False,False,False,False,False,False,False,False,False,True,False,True,False,False,False,False,False,False,December,0
828,828,150600,1288,46,200,138,12,5,62,184,False,False,False,False,False,False,False,False,False,False,False,True,False,True,False,False,False,False,False,False,January,10
829,829,150600,1288,46,200,138,12,5,62,184,False,False,False,False,False,False,False,False,False,False,False,True,False,True,False,False,False,False,False,False,February,0
830,830,150600,1288,46,200,138,12,5,62,184,False,False,False,False,False,False,False,False,False,False,False,True,False,True,False,False,False,False,False,False,March,4
831,831,150600,1288,46,200,138,12,5,62,184,False,False,False,False,False,False,False,False,False,False,False,True,False,True,False,False,False,False,False,False,April,5
832,832,150600,1288,46,200,138,12,5,62,184,False,False,False,False,False,False,False,False,False,False,False,True,False,True,False,False,False,False,False,False,May,21
833,833,150600,1288,46,200,138,12,5,62,184,False,False,False,False,False,False,False,False,False,False,False,True,False,True,False,False,False,False,False,False,June,10
834,834,150600,1288,46,200,138,12,5,62,184,False,False,False,False,False,False,False,False,False,False,False,True,False,True,False,False,False,False,False,False,July,11
835,835,150600,1288,46,200,138,12,5,62,184,False,False,False,False,False,False,False,False,False,False,False,True,False,True,False,False,False,False,False,False,August,15
836,836,150600,1288,46,200,138,12,5,62,184,False,False,False,False,False,False,False,False,False,False,False,True,False,True,False,False,False,False,False,False,September,0
837,837,150600,1288,46,200,138,12,5,62,184,False,False,False,False,False,False,False,False,False,False,False,True,False,True,False,False,False,False,False,False,October,4
838,838,150600,1288,46,200,138,12,5,62,184,False,False,False,False,False,False,False,False,False,False,False,True,False,True,False,False,False,False,False,False,Novermber,32
839,839,150600,1288,46,200,138,12,5,62,184,False,False,False,False,False,False,False,False,False,False,False,True,False,True,False,False,False,False,False,False,December,26
840,840,15037,3045,87,100,159,18,5,92,95,False,False,False,False,False,False,False,False,False,False,False,False,True,False,False,False,False,False,False,True,January,1
841,841,15037,3045,87,100,159,18,5,92,95,False,False,False,False,False,False,False,False,False,False,False,False,True,False,False,False,False,False,False,True,February,24
842,842,15037,3045,87,100,159,18,5,92,95,False,False,False,False,False,False,False,False,False,False,False,False,True,False,False,False,False,False,False,True,March,2
843,843,15037,3045,87,100,159,18,5,92,95,False,False,False,False,False,False,False,False,False,False,False,False,True,False,False,False,False,False,False,True,April,6
844,844,15037,3045,87,100,159,18,5,92,95,False,False,False,False,False,False,False,False,False,False,False,False,True,False,False,False,False,False,False,True,May,10
845,845,15037,3045,87,100,159,18,5,92,95,False,False,False,False,False,False,False,False,False,False,False,False,True,False,False,False,False,False,False,True,June,12
846,846,15037,3045,87,100,159,18,5,92,95,False,False,False,False,False,False,False,False,False,False,False,False,True,False,False,False,False,False,False,True,July,44
847,847,15037,3045,87,100,159,18,5,92,95,False,False,False,False,False,False,False,False,False,False,False,False,True,False,False,False,False,False,False,True,August,34
848,848,15037,3045,87,100,159,18,5,92,95,False,False,False,False,False,False,False,False,False,False,False,False,True,False,False,False,False,False,False,True,September,2
849,849,15037,3045,87,100,159,18,5,92,95,False,False,False,False,False,False,False,False,False,False,False,False,True,False,False,False,False,False,False,True,October,7
850,850,15037,3045,87,100,159,18,5,92,95,False,False,False,False,False,False,False,False,False,False,False,False,True,False,False,False,False,False,False,True,Novermber,5
851,851,15037,3045,87,100,159,18,5,92,95,False,False,False,False,False,False,False,False,False,False,False,False,True,False,False,False,False,False,False,True,December,12
852,852,15039,0,0,350,198,29,5,144,206,False,False,False,False,False,False,False,False,False,False,False,False,True,False,True,False,False,False,False,False,January,18
853,853,15039,0,0,350,198,29,5,144,206,False,False,False,False,False,False,False,False,False,False,False,False,True,False,True,False,False,False,False,False,February,7
854,854,15039,0,0,350,198,29,5,144,206,False,False,False,False,False,False,False,False,False,False,False,False,True,False,True,False,False,False,False,False,March,4
855,855,15039,0,0,350,198,29,5,144,206,False,False,False,False,False,False,False,False,False,False,False,False,True,False,True,False,False,False,False,False,April,6
856,856,15039,0,0,350,198,29,5,144,206,False,False,False,False,False,False,False,False,False,False,False,False,True,False,True,False,False,False,False,False,May,0
857,857,15039,0,0,350,198,29,5,144,206,False,False,False,False,False,False,False,False,False,False,False,False,True,False,True,False,False,False,False,False,June,11
858,858,15039,0,0,350,198,29,5,144,206,False,False,False,False,False,False,False,False,False,False,False,False,True,False,True,False,False,False,False,False,July,7
859,859,15039,0,0,350,198,29,5,144,206,False,False,False,False,False,False,False,False,False,False,False,False,True,False,True,False,False,False,False,False,August,3
860,860,15039,0,0,350,198,29,5,144,206,False,False,False,False,False,False,False,False,False,False,False,False,True,False,True,False,False,False,False,False,September,0
861,861,15039,0,0,350,198,29,5,144,206,False,False,False,False,False,False,False,False,False,False,False,False,True,False,True,False,False,False,False,False,October,131
862,862,15039,0,0,350,198,29,5,144,206,False,False,False,False,False,False,False,False,False,False,False,False,True,False,True,False,False,False,False,False,Novermber,3
863,863,15039,0,0,350,198,29,5,144,206,False,False,False,False,False,False,False,False,False,False,False,False,True,False,True,False,False,False,False,False,December,8
864,864,15040,2124,59,150,120,13,5,67,142,False,False,False,False,False,False,False,False,False,False,False,False,True,False,False,False,False,False,False,True,January,13
865,865,15040,2124,59,150,120,13,5,67,142,False,False,False,False,False,False,False,False,False,False,False,False,True,False,False,False,False,False,False,True,February,14
866,866,15040,2124,59,150,120,13,5,67,142,False,False,False,False,False,False,False,False,False,False,False,False,True,False,False,False,False,False,False,True,March,5
867,867,15040,2124,59,150,120,13,5,67,142,False,False,False,False,False,False,False,False,False,False,False,False,True,False,False,False,False,False,False,True,April,0
868,868,15040,2124,59,150,120,13,5,67,142,False,False,False,False,False,False,False,False,False,False,False,False,True,False,False,False,False,False,False,True,May,15
869,869,15040,2124,59,150,120,13,5,67,142,False,False,False,False,False,False,False,False,False,False,False,False,True,False,False,False,False,False,False,True,June,6
870,870,15040,2124,59,150,120,13,5,67,142,False,False,False,False,False,False,False,False,False,False,False,False,True,False,False,False,False,False,False,True,July,9
871,871,15040,2124,59,150,120,13,5,67,142,False,False,False,False,False,False,False,False,False,False,False,False,True,False,False,False,False,False,False,True,August,12
872,872,15040,2124,59,150,120,13,5,67,142,False,False,False,False,False,False,False,False,False,False,False,False,True,False,False,False,False,False,False,True,September,32
873,873,15040,2124,59,150,120,13,5,67,142,False,False,False,False,False,False,False,False,False,False,False,False,True,False,False,False,False,False,False,True,October,10
874,874,15040,2124,59,150,120,13,5,67,142,False,False,False,False,False,False,False,False,False,False,False,False,True,False,False,False,False,False,False,True,Novermber,4
875,875,15040,2124,59,150,120,13,5,67,142,False,False,False,False,False,False,False,False,False,False,False,False,True,False,False,False,False,False,False,True,December,0
876,876,15038,6265,179,0,152,9,5,46,133,False,False,False,False,False,False,False,False,False,False,False,False,True,False,False,False,False,True,False,False,January,26
877,877,15038,6265,179,0,152,9,5,46,133,False,False,False,False,False,False,False,False,False,False,False,False,True,False,False,False,False,True,False,False,February,39
878,878,15038,6265,179,0,152,9,5,46,133,False,False,False,False,False,False,False,False,False,False,False,False,True,False,False,False,False,True,False,False,March,29
879,879,15038,6265,179,0,152,9,5,46,133,False,False,False,False,False,False,False,False,False,False,False,False,True,False,False,False,False,True,False,False,April,1
880,880,15038,6265,179,0,152,9,5,46,133,False,False,False,False,False,False,False,False,False,False,False,False,True,False,False,False,False,True,False,False,May,1
881,881,15038,6265,179,0,152,9,5,46,133,False,False,False,False,False,False,False,False,False,False,False,False,True,False,False,False,False,True,False,False,June,6
882,882,15038,6265,179,0,152,9,5,46,133,False,False,False,False,False,False,False,False,False,False,False,False,True,False,False,False,False,True,False,False,July,17
883,883,15038,6265,179,0,152,9,5,46,133,False,False,False,False,False,False,False,False,False,False,False,False,True,False,False,False,False,True,False,False,August,12
884,884,15038,6265,179,0,152,9,5,46,133,False,False,False,False,False,False,False,False,False,False,False,False,True,False,False,False,False,True,False,False,September,4
885,885,15038,6265,179,0,152,9,5,46,133,False,False,False,False,False,False,False,False,False,False,False,False,True,False,False,False,False,True,False,False,October,12
886,886,15038,6265,179,0,152,9,5,46,133,False,False,False,False,False,False,False,False,False,False,False,False,True,False,False,False,False,True,False,False,Novermber,1
887,887,15038,6265,179,0,152,9,5,46,133,False,False,False,False,False,False,False,False,False,False,False,False,True,False,False,False,False,True,False,False,December,4
888,888,15041,9954,158,0,54,7,5,37,121,False,False,False,False,False,False,False,False,False,False,False,False,True,True,False,False,False,False,False,False,January,2
889,889,15041,9954,158,0,54,7,5,37,121,False,False,False,False,False,False,False,False,False,False,False,False,True,True,False,False,False,False,False,False,February,9
890,890,15041,9954,158,0,54,7,5,37,121,False,False,False,False,False,False,False,False,False,False,False,False,True,True,False,False,False,False,False,False,March,4
891,891,15041,9954,158,0,54,7,5,37,121,False,False,False,False,False,False,False,False,False,False,False,False,True,True,False,False,False,False,False,False,April,0
892,892,15041,9954,158,0,54,7,5,37,121,False,False,False,False,False,False,False,False,False,False,False,False,True,True,False,False,False,False,False,False,May,0
893,893,15041,9954,158,0,54,7,5,37,121,False,False,False,False,False,False,False,False,False,False,False,False,True,True,False,False,False,False,False,False,June,2
894,894,15041,9954,158,0,54,7,5,37,121,False,False,False,False,False,False,False,False,False,False,False,False,True,True,False,False,False,False,False,False,July,19
895,895,15041,9954,158,0,54,7,5,37,121,False,False,False,False,False,False,False,False,False,False,False,False,True,True,False,False,False,False,False,False,August,10
896,896,15041,9954,158,0,54,7,5,37,121,False,False,False,False,False,False,False,False,False,False,False,False,True,True,False,False,False,False,False,False,September,4
897,897,15041,9954,158,0,54,7,5,37,121,False,False,False,False,False,False,False,False,False,False,False,False,True,True,False,False,False,False,False,False,October,1
898,898,15041,9954,158,0,54,7,5,37,121,False,False,False,False,False,False,False,False,False,False,False,False,True,True,False,False,False,False,False,False,Novermber,3
899,899,15041,9954,158,0,54,7,5,37,121,False,False,False,False,False,False,False,False,False,False,False,False,True,True,False,False,False,False,False,False,December,0
900,900,15394,1830,50,0,2,0,5,2,48,False,False,False,False,False,False,False,False,False,False,False,False,True,False,True,False,False,False,False,False,January,0
901,901,15394,1830,50,0,2,0,5,2,48,False,False,False,False,False,False,False,False,False,False,False,False,True,False,True,False,False,False,False,False,February,0
902,902,15394,1830,50,0,2,0,5,2,48,False,False,False,False,False,False,False,False,False,False,False,False,True,False,True,False,False,False,False,False,March,0
903,903,15394,1830,50,0,2,0,5,2,48,False,False,False,False,False,False,False,False,False,False,False,False,True,False,True,False,False,False,False,False,April,0
904,904,15394,1830,50,0,2,0,5,2,48,False,False,False,False,False,False,False,False,False,False,False,False,True,False,True,False,False,False,False,False,May,0
905,905,15394,1830,50,0,2,0,5,2,48,False,False,False,False,False,False,False,False,False,False,False,False,True,False,True,False,False,False,False,False,June,0
906,906,15394,1830,50,0,2,0,5,2,48,False,False,False,False,False,False,False,False,False,False,False,False,True,False,True,False,False,False,False,False,July,0
907,907,15394,1830,50,0,2,0,5,2,48,False,False,False,False,False,False,False,False,False,False,False,False,True,False,True,False,False,False,False,False,August,0
908,908,15394,1830,50,0,2,0,5,2,48,False,False,False,False,False,False,False,False,False,False,False,False,True,False,True,False,False,False,False,False,September,1
909,909,15394,1830,50,0,2,0,5,2,48,False,False,False,False,False,False,False,False,False,False,False,False,True,False,True,False,False,False,False,False,October,1
910,910,15394,1830,50,0,2,0,5,2,48,False,False,False,False,False,False,False,False,False,False,False,False,True,False,True,False,False,False,False,False,Novermber,0
911,911,15394,1830,50,0,2,0,5,2,48,False,False,False,False,False,False,False,False,False,False,False,False,True,False,True,False,False,False,False,False,December,0
